local industryutil = require "industryutil"

--Begin Generated
local generatedData = {
	["level1"] = {
		models = {
			["asset/ground/barrel_steel.mdl"] = {
				{ 0.43914, -0.89842, 0.00000, 0.00000, 0.89842, 0.43914, 0.00000, 0.00000, 0.00000, 0.00000, 1.00000, 0.00000, -86.32890, -10.86923, -0.00000, 1.00000 },
				{ 0.89718, 0.44166, 0.00000, 0.00000, -0.44166, 0.89718, 0.00000, 0.00000, 0.00000, 0.00000, 1.00000, 0.00000, -85.36209, -11.02725, -0.00000, 1.00000 },
				{ 0.19527, -0.98075, 0.00000, 0.00000, 0.98075, 0.19527, 0.00000, 0.00000, 0.00000, 0.00000, 1.00000, 0.00000, -84.43067, -11.21624, -0.00000, 1.00000 },
				{ -0.43290, 0.90144, 0.00000, 0.00000, -0.90144, -0.43290, 0.00000, 0.00000, 0.00000, 0.00000, 1.00000, 0.00000, -83.44138, -11.35460, -0.00000, 1.00000 },
				{ -0.73424, -0.67889, 0.00000, 0.00000, 0.67889, -0.73424, 0.00000, 0.00000, 0.00000, 0.00000, 1.00000, 0.00000, -82.53855, -10.60862, -0.00000, 1.00000 },
				{ -0.38904, -0.92122, 0.00000, 0.00000, 0.92122, -0.38904, 0.00000, 0.00000, 0.00000, 0.00000, 1.00000, 0.00000, -81.52643, -11.34677, 0.00000, 1.00000 },
				{ -0.99051, -0.13741, 0.00000, 0.00000, 0.13741, -0.99051, 0.00000, 0.00000, 0.00000, 0.00000, 1.00000, 0.00000, -80.57228, -11.85610, -0.00000, 1.00000 },
				{ 0.62933, 0.77714, 0.00000, 0.00000, -0.77714, 0.62933, 0.00000, 0.00000, 0.00000, 0.00000, 1.00000, 0.00000, -79.20704, -11.30050, -0.00000, 1.00000 },
				{ -0.87381, 0.48626, 0.00000, 0.00000, -0.48626, -0.87381, 0.00000, 0.00000, 0.00000, 0.00000, 1.00000, 0.00000, -78.23602, -11.57484, -0.00000, 1.00000 },
				{ 0.29766, -0.95467, 0.00000, 0.00000, 0.95467, 0.29766, 0.00000, 0.00000, 0.00000, 0.00000, 1.00000, 0.00000, -77.32753, -11.74390, -0.00000, 1.00000 },
				{ -0.56122, 0.82767, 0.00000, 0.00000, -0.82767, -0.56122, 0.00000, 0.00000, 0.00000, 0.00000, 1.00000, 0.00000, -86.52823, -11.81051, -0.00000, 1.00000 },
				{ 0.06007, -0.99819, 0.00000, 0.00000, 0.99819, 0.06007, 0.00000, 0.00000, 0.00000, 0.00000, 1.00000, 0.00000, -85.54765, -11.95650, -0.00000, 1.00000 },
				{ 0.81829, 0.57481, 0.00000, 0.00000, -0.57481, 0.81829, 0.00000, 0.00000, 0.00000, 0.00000, 1.00000, 0.00000, -84.57243, -12.10716, -0.00000, 1.00000 },
				{ -0.04240, -0.99910, 0.00000, 0.00000, 0.99910, -0.04240, 0.00000, 0.00000, 0.00000, 0.00000, 1.00000, 0.00000, -83.64537, -12.29997, -0.00000, 1.00000 },
				{ -0.01979, -0.99980, 0.00000, 0.00000, 0.99980, -0.01979, 0.00000, 0.00000, 0.00000, 0.00000, 1.00000, 0.00000, -82.69341, -12.47099, -0.00000, 1.00000 },
				{ -0.46153, -0.88713, 0.00000, 0.00000, 0.88713, -0.46153, 0.00000, 0.00000, 0.00000, 0.00000, 1.00000, 0.00000, -81.74680, -12.64669, -0.00000, 1.00000 },
				{ -0.86808, 0.49642, 0.00000, 0.00000, -0.49642, -0.86808, 0.00000, 0.00000, 0.00000, 0.00000, 1.00000, 0.00000, -80.74333, -12.77264, -0.00000, 1.00000 },
				{ -0.73734, -0.67552, 0.00000, 0.00000, 0.67552, -0.73734, 0.00000, 0.00000, 0.00000, 0.00000, 1.00000, 0.00000, -79.40724, -12.76255, -0.00000, 1.00000 },
				{ -0.15339, 0.98817, 0.00000, 0.00000, -0.98817, -0.15339, 0.00000, 0.00000, 0.00000, 0.00000, 1.00000, 0.00000, -78.47944, -12.95471, -0.00000, 1.00000 },
				{ 0.95757, 0.28819, 0.00000, 0.00000, -0.28819, 0.95757, 0.00000, 0.00000, 0.00000, 0.00000, 1.00000, 0.00000, -77.47401, -12.92894, -0.00000, 1.00000 },
				{ 0.09774, 0.99521, 0.00000, 0.00000, -0.99521, 0.09774, 0.00000, 0.00000, 0.00000, 0.00000, 1.00000, 0.00000, -86.63009, -12.66651, -0.00000, 1.00000 },
				{ 0.71618, -0.69791, 0.00000, 0.00000, 0.69791, 0.71618, 0.00000, 0.00000, 0.00000, 0.00000, 1.00000, 0.00000, -85.70324, -12.85952, -0.00000, 1.00000 },
				{ -0.24174, 0.97034, 0.00000, 0.00000, -0.97034, -0.24174, 0.00000, 0.00000, 0.00000, 0.00000, 1.00000, 0.00000, -84.79246, -13.06657, -0.00000, 1.00000 },
				{ 0.95666, -0.29120, 0.00000, 0.00000, 0.29120, 0.95666, 0.00000, 0.00000, 0.00000, 0.00000, 1.00000, 0.00000, -83.79454, -13.19737, -0.00000, 1.00000 },
				{ -0.46425, -0.88570, 0.00000, 0.00000, 0.88570, -0.46425, 0.00000, 0.00000, 0.00000, 0.00000, 1.00000, 0.00000, -82.86230, -13.38565, -0.00000, 1.00000 },
				{ -0.73340, -0.67980, 0.00000, 0.00000, 0.67980, -0.73340, 0.00000, 0.00000, 0.00000, 0.00000, 1.00000, 0.00000, -81.91437, -13.56019, -0.00000, 1.00000 },
				{ 0.99993, 0.01224, 0.00000, 0.00000, -0.01224, 0.99993, 0.00000, 0.00000, 0.00000, 0.00000, 1.00000, 0.00000, -80.93600, -13.70811, -0.00000, 1.00000 },
				{ -0.74081, 0.67171, 0.00000, 0.00000, -0.67171, -0.74081, 0.00000, 0.00000, 0.00000, 0.00000, 1.00000, 0.00000, -79.51779, -13.62616, -0.00000, 1.00000 },
				{ 0.61404, 0.78928, 0.00000, 0.00000, -0.78928, 0.61404, 0.00000, 0.00000, 0.00000, 0.00000, 1.00000, 0.00000, -78.58264, -13.81189, -0.00000, 1.00000 },
				{ 0.95243, -0.30475, 0.00000, 0.00000, 0.30475, 0.95243, 0.00000, 0.00000, 0.00000, 0.00000, 1.00000, 0.00000, -77.64444, -13.99495, -0.00000, 1.00000 },
				{ 0.19527, -0.98075, 0.00000, 0.00000, 0.98075, 0.19527, 0.00000, 0.00000, 0.00000, 0.00000, 1.00000, 0.00000, -62.78067, -14.96624, -0.00000, 1.00000 },
				{ 0.19527, -0.98075, 0.00000, 0.00000, -0.00000, -0.00000, 1.00000, 0.00000, -0.98075, -0.19527, -0.00000, 0.00000, -62.83144, -12.78125, 0.39000, 1.00000 },
				{ -0.66835, -0.74385, 0.00000, 0.00000, -0.00000, 0.00000, 1.00000, 0.00000, -0.74385, 0.66835, -0.00000, 0.00000, 14.21856, 47.31875, 0.39000, 1.00000 },
				{ 1.00000, 0.00000, 0.00000, 0.00000, 0.00000, 1.00000, 0.00000, 0.00000, 0.00000, 0.00000, 1.00000, 0.00000, 11.16860, 47.53875, -0.01000, 1.00000 },
				{ 1.00000, 0.00000, 0.00000, 0.00000, 0.00000, 1.00000, 0.00000, 0.00000, 0.00000, 0.00000, 1.00000, 0.00000, 11.51860, 46.58875, -0.01000, 1.00000 },
				{ 1.00000, 0.00000, 0.00000, 0.00000, 0.00000, 1.00000, 0.00000, 0.00000, 0.00000, 0.00000, 1.00000, 0.00000, 10.51860, 46.63875, -0.01000, 1.00000 },
				{ 1.00000, 0.00000, 0.00000, 0.00000, 0.00000, 1.00000, 0.00000, 0.00000, 0.00000, 0.00000, 1.00000, 0.00000, 10.26860, 47.88875, -0.01000, 1.00000 },
				{ 1.00000, 0.00000, 0.00000, 0.00000, 0.00000, 1.00000, 0.00000, 0.00000, 0.00000, 0.00000, 1.00000, 0.00000, 12.31860, 47.43875, -0.01000, 1.00000 },
				{ 1.00000, 0.00000, 0.00000, 0.00000, 0.00000, 1.00000, 0.00000, 0.00000, 0.00000, 0.00000, 1.00000, 0.00000, 13.49860, 46.46875, -0.01000, 1.00000 },
				{ -0.91734, -0.39811, -0.00000, 0.00000, -0.00000, -0.00000, 1.00000, 0.00000, -0.39811, 0.91734, 0.00000, 0.00000, -63.84476, -15.29532, 0.39000, 1.00000 },
				{ -0.43290, 0.90144, 0.00000, 0.00000, -0.90144, -0.43290, 0.00000, 0.00000, 0.00000, 0.00000, 1.00000, 0.00000, -61.79138, -15.10460, -0.00000, 1.00000 },
				{ -0.73424, -0.67889, 0.00000, 0.00000, 0.67889, -0.73424, 0.00000, 0.00000, 0.00000, 0.00000, 1.00000, 0.00000, -60.88856, -15.31862, -0.00000, 1.00000 },
				{ -0.38904, -0.92122, 0.00000, 0.00000, 0.92122, -0.38904, 0.00000, 0.00000, 0.00000, 0.00000, 1.00000, 0.00000, -59.93214, -15.48574, -0.00000, 1.00000 },
				{ -0.99051, -0.13741, 0.00000, 0.00000, 0.13741, -0.99051, 0.00000, 0.00000, 0.00000, 0.00000, 1.00000, 0.00000, -58.92228, -15.60610, -0.00000, 1.00000 },
				{ 0.62933, 0.77714, 0.00000, 0.00000, -0.77714, 0.62933, 0.00000, 0.00000, 0.00000, 0.00000, 1.00000, 0.00000, -57.99704, -15.80050, -0.00000, 1.00000 },
				{ -0.87381, 0.48626, 0.00000, 0.00000, -0.48626, -0.87381, 0.00000, 0.00000, 0.00000, 0.00000, 1.00000, 0.00000, -57.02601, -15.95484, -0.00000, 1.00000 },
				{ 0.29766, -0.95467, 0.00000, 0.00000, 0.95467, 0.29766, 0.00000, 0.00000, 0.00000, 0.00000, 1.00000, 0.00000, -56.11753, -16.16390, -0.00000, 1.00000 },
				{ 0.81829, 0.57481, 0.00000, 0.00000, -0.57481, 0.81829, 0.00000, 0.00000, 0.00000, 0.00000, 1.00000, 0.00000, -62.92243, -15.85716, -0.00000, 1.00000 },
				{ -0.04240, -0.99910, 0.00000, 0.00000, 0.99910, -0.04240, 0.00000, 0.00000, 0.00000, 0.00000, 1.00000, 0.00000, -61.99537, -16.04997, -0.00000, 1.00000 },
				{ -0.01979, -0.99980, 0.00000, 0.00000, 0.99980, -0.01979, 0.00000, 0.00000, 0.00000, 0.00000, 1.00000, 0.00000, -61.04341, -16.22099, -0.00000, 1.00000 },
				{ -0.46153, -0.88713, 0.00000, 0.00000, 0.88713, -0.46153, 0.00000, 0.00000, 0.00000, 0.00000, 1.00000, 0.00000, -60.09679, -16.39669, -0.00000, 1.00000 },
				{ -0.86808, 0.49642, 0.00000, 0.00000, -0.49642, -0.86808, 0.00000, 0.00000, 0.00000, 0.00000, 1.00000, 0.00000, -59.09333, -16.52264, -0.00000, 1.00000 },
				{ -0.73734, -0.67552, 0.00000, 0.00000, 0.67552, -0.73734, 0.00000, 0.00000, 0.00000, 0.00000, 1.00000, 0.00000, -58.19724, -16.74255, -0.00000, 1.00000 },
				{ -0.15339, 0.98817, 0.00000, 0.00000, -0.98817, -0.15339, 0.00000, 0.00000, 0.00000, 0.00000, 1.00000, 0.00000, -57.26943, -16.93471, -0.00000, 1.00000 },
				{ 0.95757, 0.28819, 0.00000, 0.00000, -0.28819, 0.95757, 0.00000, 0.00000, 0.00000, 0.00000, 1.00000, 0.00000, -56.26400, -17.05894, -0.00000, 1.00000 },
				{ 0.71618, -0.69791, 0.00000, 0.00000, 0.69791, 0.71618, 0.00000, 0.00000, 0.00000, 0.00000, 1.00000, 0.00000, -64.05325, -16.60951, -0.00000, 1.00000 },
				{ -0.24174, 0.97034, 0.00000, 0.00000, -0.97034, -0.24174, 0.00000, 0.00000, 0.00000, 0.00000, 1.00000, 0.00000, -63.14246, -16.81657, -0.00000, 1.00000 },
				{ 0.95666, -0.29120, 0.00000, 0.00000, 0.29120, 0.95666, 0.00000, 0.00000, 0.00000, 0.00000, 1.00000, 0.00000, -62.14454, -16.94737, -0.00000, 1.00000 },
				{ -0.46425, -0.88570, 0.00000, 0.00000, 0.88570, -0.46425, 0.00000, 0.00000, 0.00000, 0.00000, 1.00000, 0.00000, -61.21230, -17.13565, -0.00000, 1.00000 },
				{ -0.73340, -0.67980, 0.00000, 0.00000, 0.67980, -0.73340, 0.00000, 0.00000, 0.00000, 0.00000, 1.00000, 0.00000, -60.26436, -17.31019, -0.00000, 1.00000 },
				{ 0.99993, 0.01224, 0.00000, 0.00000, -0.01224, 0.99993, 0.00000, 0.00000, 0.00000, 0.00000, 1.00000, 0.00000, -59.28600, -17.45811, -0.00000, 1.00000 },
				{ -0.74081, 0.67171, 0.00000, 0.00000, -0.67171, -0.74081, 0.00000, 0.00000, 0.00000, 0.00000, 1.00000, 0.00000, -58.30779, -17.60616, -0.00000, 1.00000 },
				{ 0.61404, 0.78928, 0.00000, 0.00000, -0.78928, 0.61404, 0.00000, 0.00000, 0.00000, 0.00000, 1.00000, 0.00000, -57.37264, -17.79189, -0.00000, 1.00000 },
				{ 0.95243, -0.30475, 0.00000, 0.00000, 0.30475, 0.95243, 0.00000, 0.00000, 0.00000, 0.00000, 1.00000, 0.00000, -56.43444, -17.97495, -0.00000, 1.00000 },
				{ 0.43914, -0.89842, 0.00000, 0.00000, 0.89842, 0.43914, 0.00000, 0.00000, 0.00000, 0.00000, 1.00000, 0.00000, -55.07891, -16.36923, -0.00000, 1.00000 },
				{ 0.89718, 0.44166, 0.00000, 0.00000, -0.44166, 0.89718, 0.00000, 0.00000, 0.00000, 0.00000, 1.00000, 0.00000, -54.11209, -16.52725, -0.00000, 1.00000 },
				{ 0.19527, -0.98075, 0.00000, 0.00000, 0.98075, 0.19527, 0.00000, 0.00000, 0.00000, 0.00000, 1.00000, 0.00000, -53.18067, -16.71624, -0.00000, 1.00000 },
				{ -0.43290, 0.90144, 0.00000, 0.00000, -0.90144, -0.43290, 0.00000, 0.00000, 0.00000, 0.00000, 1.00000, 0.00000, -52.19138, -16.85460, -0.00000, 1.00000 },
				{ -0.73424, -0.67889, 0.00000, 0.00000, 0.67889, -0.73424, 0.00000, 0.00000, 0.00000, 0.00000, 1.00000, 0.00000, -51.28856, -17.06862, -0.00000, 1.00000 },
				{ -0.38904, -0.92122, 0.00000, 0.00000, 0.92122, -0.38904, 0.00000, 0.00000, 0.00000, 0.00000, 1.00000, 0.00000, -50.27643, -16.84677, 0.00000, 1.00000 },
				{ -0.99051, -0.13741, 0.00000, 0.00000, 0.13741, -0.99051, 0.00000, 0.00000, 0.00000, 0.00000, 1.00000, 0.00000, -49.32228, -17.35610, -0.00000, 1.00000 },
				{ 0.62933, 0.77714, 0.00000, 0.00000, -0.77714, 0.62933, 0.00000, 0.00000, 0.00000, 0.00000, 1.00000, 0.00000, -48.39703, -17.55050, -0.00000, 1.00000 },
				{ -0.87381, 0.48626, 0.00000, 0.00000, -0.48626, -0.87381, 0.00000, 0.00000, 0.00000, 0.00000, 1.00000, 0.00000, -47.42601, -17.70484, -0.00000, 1.00000 },
				{ 0.29766, -0.95467, 0.00000, 0.00000, 0.95467, 0.29766, 0.00000, 0.00000, 0.00000, 0.00000, 1.00000, 0.00000, -46.51752, -17.91390, -0.00000, 1.00000 },
				{ -0.56122, 0.82767, 0.00000, 0.00000, -0.82767, -0.56122, 0.00000, 0.00000, 0.00000, 0.00000, 1.00000, 0.00000, -55.27822, -17.31051, -0.00000, 1.00000 },
				{ 0.06007, -0.99819, 0.00000, 0.00000, 0.99819, 0.06007, 0.00000, 0.00000, 0.00000, 0.00000, 1.00000, 0.00000, -54.29765, -17.45650, -0.00000, 1.00000 },
				{ 0.81829, 0.57481, 0.00000, 0.00000, -0.57481, 0.81829, 0.00000, 0.00000, 0.00000, 0.00000, 1.00000, 0.00000, -53.32243, -17.60716, -0.00000, 1.00000 },
				{ -0.04240, -0.99910, 0.00000, 0.00000, 0.99910, -0.04240, 0.00000, 0.00000, 0.00000, 0.00000, 1.00000, 0.00000, -52.39537, -17.79997, -0.00000, 1.00000 },
				{ -0.01979, -0.99980, 0.00000, 0.00000, 0.99980, -0.01979, 0.00000, 0.00000, 0.00000, 0.00000, 1.00000, 0.00000, -51.44341, -17.97099, -0.00000, 1.00000 },
				{ -0.46153, -0.88713, 0.00000, 0.00000, 0.88713, -0.46153, 0.00000, 0.00000, 0.00000, 0.00000, 1.00000, 0.00000, -50.49680, -18.14669, -0.00000, 1.00000 },
				{ -0.86808, 0.49642, 0.00000, 0.00000, -0.49642, -0.86808, 0.00000, 0.00000, 0.00000, 0.00000, 1.00000, 0.00000, -49.49333, -18.27264, -0.00000, 1.00000 },
				{ -0.73734, -0.67552, 0.00000, 0.00000, 0.67552, -0.73734, 0.00000, 0.00000, 0.00000, 0.00000, 1.00000, 0.00000, -48.59724, -18.49255, -0.00000, 1.00000 },
				{ -0.15339, 0.98817, 0.00000, 0.00000, -0.98817, -0.15339, 0.00000, 0.00000, 0.00000, 0.00000, 1.00000, 0.00000, -47.66944, -18.68471, -0.00000, 1.00000 },
				{ 0.95757, 0.28819, 0.00000, 0.00000, -0.28819, 0.95757, 0.00000, 0.00000, 0.00000, 0.00000, 1.00000, 0.00000, -46.66400, -18.80894, -0.00000, 1.00000 },
				{ 0.09774, 0.99521, 0.00000, 0.00000, -0.99521, 0.09774, 0.00000, 0.00000, 0.00000, 0.00000, 1.00000, 0.00000, -55.38008, -18.16652, -0.00000, 1.00000 },
				{ 0.71618, -0.69791, 0.00000, 0.00000, 0.69791, 0.71618, 0.00000, 0.00000, 0.00000, 0.00000, 1.00000, 0.00000, -54.45325, -18.35951, -0.00000, 1.00000 },
				{ -0.24174, 0.97034, 0.00000, 0.00000, -0.97034, -0.24174, 0.00000, 0.00000, 0.00000, 0.00000, 1.00000, 0.00000, -53.54247, -18.56657, -0.00000, 1.00000 },
				{ 0.95666, -0.29120, 0.00000, 0.00000, 0.29120, 0.95666, 0.00000, 0.00000, 0.00000, 0.00000, 1.00000, 0.00000, -52.54454, -18.69737, -0.00000, 1.00000 },
				{ -0.46425, -0.88570, 0.00000, 0.00000, 0.88570, -0.46425, 0.00000, 0.00000, 0.00000, 0.00000, 1.00000, 0.00000, -51.61230, -18.88565, -0.00000, 1.00000 },
				{ -0.73340, -0.67980, 0.00000, 0.00000, 0.67980, -0.73340, 0.00000, 0.00000, 0.00000, 0.00000, 1.00000, 0.00000, -50.66437, -19.06019, -0.00000, 1.00000 },
				{ 0.99993, 0.01224, 0.00000, 0.00000, -0.01224, 0.99993, 0.00000, 0.00000, 0.00000, 0.00000, 1.00000, 0.00000, -49.68600, -19.20811, -0.00000, 1.00000 },
				{ -0.74081, 0.67171, 0.00000, 0.00000, -0.67171, -0.74081, 0.00000, 0.00000, 0.00000, 0.00000, 1.00000, 0.00000, -48.70779, -19.35616, -0.00000, 1.00000 },
				{ 0.61404, 0.78928, 0.00000, 0.00000, -0.78928, 0.61404, 0.00000, 0.00000, 0.00000, 0.00000, 1.00000, 0.00000, -47.77264, -19.54189, -0.00000, 1.00000 },
				{ 0.95243, -0.30475, 0.00000, 0.00000, 0.30475, 0.95243, 0.00000, 0.00000, 0.00000, 0.00000, 1.00000, 0.00000, -46.83444, -19.72495, -0.00000, 1.00000 },
			},
			["asset/ground/container_fluid.mdl"] = {
				{ -0.38129, -0.92445, 0.00000, 0.00000, 0.92445, -0.38129, 0.00000, 0.00000, 0.00000, 0.00000, 1.00000, 0.00000, -13.76527, -41.60000, -0.00000, 1.00000 },
				{ -0.38129, -0.92445, 0.00000, 0.00000, 0.92445, -0.38129, 0.00000, 0.00000, 0.00000, 0.00000, 1.00000, 0.00000, -4.05000, -43.55000, -0.00000, 1.00000 },
				{ -0.38129, -0.92445, 0.00000, 0.00000, 0.92445, -0.38129, 0.00000, 0.00000, 0.00000, 0.00000, 1.00000, 0.00000, 5.60000, -45.40000, -0.00000, 1.00000 },
				{ -0.38129, -0.92445, 0.00000, 0.00000, 0.92445, -0.38129, 0.00000, 0.00000, 0.00000, 0.00000, 1.00000, 0.00000, -14.71527, -45.94999, -0.00000, 1.00000 },
				{ -0.38129, -0.92445, 0.00000, 0.00000, 0.92445, -0.38129, 0.00000, 0.00000, 0.00000, 0.00000, 1.00000, 0.00000, -5.00000, -47.90000, -0.00000, 1.00000 },
				{ -0.38129, -0.92445, 0.00000, 0.00000, 0.92445, -0.38129, 0.00000, 0.00000, 0.00000, 0.00000, 1.00000, 0.00000, 4.65000, -49.75000, -0.00000, 1.00000 },
				{ -0.34089, -0.94010, 0.00000, 0.00000, 0.94010, -0.34089, 0.00000, 0.00000, 0.00000, 0.00000, 1.00000, 0.00000, -11.46527, -42.15000, -0.00000, 1.00000 },
				{ -0.34089, -0.94010, 0.00000, 0.00000, 0.94010, -0.34089, 0.00000, 0.00000, 0.00000, 0.00000, 1.00000, 0.00000, -1.75000, -44.10000, -0.00000, 1.00000 },
				{ -0.34089, -0.94010, 0.00000, 0.00000, 0.94010, -0.34089, 0.00000, 0.00000, 0.00000, 0.00000, 1.00000, 0.00000, 7.90000, -45.95000, -0.00000, 1.00000 },
				{ -0.12067, -0.99269, 0.00000, 0.00000, 0.99269, -0.12067, 0.00000, 0.00000, 0.00000, 0.00000, 1.00000, 0.00000, -12.41527, -46.49999, -0.00000, 1.00000 },
				{ -0.12067, -0.99269, 0.00000, 0.00000, 0.99269, -0.12067, 0.00000, 0.00000, 0.00000, 0.00000, 1.00000, 0.00000, -2.70000, -48.45000, -0.00000, 1.00000 },
				{ -0.12067, -0.99269, 0.00000, 0.00000, 0.99269, -0.12067, 0.00000, 0.00000, 0.00000, 0.00000, 1.00000, 0.00000, 6.95000, -50.30000, -0.00000, 1.00000 },
				{ -0.21202, -0.97727, 0.00000, 0.00000, 0.97727, -0.21202, 0.00000, 0.00000, 0.00000, 0.00000, 1.00000, 0.00000, -14.26527, -43.74999, -0.00000, 1.00000 },
				{ -0.21202, -0.97727, 0.00000, 0.00000, 0.97727, -0.21202, 0.00000, 0.00000, 0.00000, 0.00000, 1.00000, 0.00000, -4.55000, -45.70000, -0.00000, 1.00000 },
				{ -0.21202, -0.97727, 0.00000, 0.00000, 0.97727, -0.21202, 0.00000, 0.00000, 0.00000, 0.00000, 1.00000, 0.00000, 5.10000, -47.55000, -0.00000, 1.00000 },
				{ -0.21202, -0.97727, 0.00000, 0.00000, 0.97727, -0.21202, 0.00000, 0.00000, 0.00000, 0.00000, 1.00000, 0.00000, -9.96527, -46.94999, -0.00000, 1.00000 },
				{ -0.21202, -0.97727, 0.00000, 0.00000, 0.97727, -0.21202, 0.00000, 0.00000, 0.00000, 0.00000, 1.00000, 0.00000, -0.25000, -48.90000, -0.00000, 1.00000 },
				{ -0.67399, -0.73874, 0.00000, 0.00000, 0.73874, -0.67399, 0.00000, 0.00000, 0.00000, 0.00000, 1.00000, 0.00000, -11.96527, -44.30000, -0.00000, 1.00000 },
				{ -0.67399, -0.73874, 0.00000, 0.00000, 0.73874, -0.67399, 0.00000, 0.00000, 0.00000, 0.00000, 1.00000, 0.00000, -2.25000, -46.25000, -0.00000, 1.00000 },
				{ -0.67399, -0.73874, 0.00000, 0.00000, 0.73874, -0.67399, 0.00000, 0.00000, 0.00000, 0.00000, 1.00000, 0.00000, 7.40000, -48.10000, -0.00000, 1.00000 },
				{ -0.26514, -0.96421, 0.00000, 0.00000, 0.96421, -0.26514, 0.00000, 0.00000, 0.00000, 0.00000, 1.00000, 0.00000, -9.41527, -44.90000, -0.00000, 1.00000 },
				{ -0.26514, -0.96421, 0.00000, 0.00000, 0.96421, -0.26514, 0.00000, 0.00000, 0.00000, 0.00000, 1.00000, 0.00000, 0.30000, -46.85000, -0.00000, 1.00000 },
				{ -0.26514, -0.96421, 0.00000, 0.00000, 0.96421, -0.26514, 0.00000, 0.00000, 0.00000, 0.00000, 1.00000, 0.00000, -6.91527, -45.24999, -0.00000, 1.00000 },
				{ -0.26514, -0.96421, 0.00000, 0.00000, 0.96421, -0.26514, 0.00000, 0.00000, 0.00000, 0.00000, 1.00000, 0.00000, 2.80000, -47.20000, -0.00000, 1.00000 },
				{ -0.07281, -0.99735, 0.00000, 0.00000, 0.99735, -0.07281, 0.00000, 0.00000, 0.00000, 0.00000, 1.00000, 0.00000, -7.46527, -47.49999, -0.00000, 1.00000 },
				{ -0.07281, -0.99735, 0.00000, 0.00000, 0.99735, -0.07281, 0.00000, 0.00000, 0.00000, 0.00000, 1.00000, 0.00000, 2.25000, -49.45000, -0.00000, 1.00000 },
				{ -0.12942, -0.99159, 0.00000, 0.00000, 0.99159, -0.12942, 0.00000, 0.00000, 0.00000, 0.00000, 1.00000, 0.00000, -8.96527, -42.55000, -0.00000, 1.00000 },
				{ -0.12942, -0.99159, 0.00000, 0.00000, 0.99159, -0.12942, 0.00000, 0.00000, 0.00000, 0.00000, 1.00000, 0.00000, 0.75000, -44.50000, -0.00000, 1.00000 },
				{ -0.12942, -0.99159, 0.00000, 0.00000, 0.99159, -0.12942, 0.00000, 0.00000, 0.00000, 0.00000, 1.00000, 0.00000, 10.40000, -46.35000, -0.00000, 1.00000 },
				{ -0.12942, -0.99159, 0.00000, 0.00000, 0.99159, -0.12942, 0.00000, 0.00000, 0.00000, 0.00000, 1.00000, 0.00000, -6.46527, -42.90000, -0.00000, 1.00000 },
				{ -0.12942, -0.99159, 0.00000, 0.00000, 0.99159, -0.12942, 0.00000, 0.00000, 0.00000, 0.00000, 1.00000, 0.00000, 3.25000, -44.85000, -0.00000, 1.00000 },
				{ -0.12942, -0.99159, 0.00000, 0.00000, 0.99159, -0.12942, 0.00000, 0.00000, 0.00000, 0.00000, 1.00000, 0.00000, 12.90000, -46.70000, -0.00000, 1.00000 },
			},
			["asset/ground/container_hexagon.mdl"] = {
				{ 0.02416, -0.99971, 0.00000, 0.00000, 0.99971, 0.02416, 0.00000, 0.00000, 0.00000, 0.00000, 1.00000, 0.00000, -0.20879, 63.00000, -0.00000, 1.00000 },
				{ -0.06381, -0.99796, -0.00000, 0.00000, 0.99796, -0.06381, 0.00000, 0.00000, -0.00000, 0.00000, 1.00000, 0.00000, -0.20879, 60.00000, -0.00000, 1.00000 },
				{ 0.02516, -0.99968, 0.00000, 0.00000, 0.99968, 0.02516, 0.00000, 0.00000, 0.00000, 0.00000, 1.00000, 0.00000, -0.20879, 57.00000, -0.00000, 1.00000 },
				{ -0.02626, -0.99966, -0.00000, 0.00000, 0.99966, -0.02626, 0.00000, 0.00000, -0.00000, 0.00000, 1.00000, 0.00000, -0.20879, 53.70000, -0.00000, 1.00000 },
				{ 0.98481, -0.17365, 0.00000, 0.00000, 0.17365, 0.98481, 0.00000, 0.00000, 0.00000, 0.00000, 1.00000, 0.00000, -7.60000, 2.25000, -0.00000, 1.00000 },
				{ 0.98481, -0.17365, 0.00000, 0.00000, 0.17365, 0.98481, 0.00000, 0.00000, 0.00000, 0.00000, 1.00000, 0.00000, -5.03950, 1.79851, -0.00000, 1.00000 },
				{ 0.97515, -0.22155, 0.00000, 0.00000, 0.22155, 0.97515, 0.00000, 0.00000, 0.00000, 0.00000, 1.00000, 0.00000, -2.57748, 1.36439, -0.00000, 1.00000 },
				{ 0.99337, -0.11494, 0.00000, 0.00000, 0.11494, 0.99337, 0.00000, 0.00000, 0.00000, 0.00000, 1.00000, 0.00000, 0.27846, 0.86081, -0.00000, 1.00000 },
				{ 0.97196, -0.23514, 0.00000, 0.00000, 0.23514, 0.97196, 0.00000, 0.00000, 0.00000, 0.00000, 1.00000, 0.00000, 3.03592, 0.37460, -0.00000, 1.00000 },
				{ 0.99122, -0.13226, 0.00000, 0.00000, 0.13226, 0.99122, 0.00000, 0.00000, 0.00000, 0.00000, 1.00000, 0.00000, 5.69490, -0.09425, -0.00000, 1.00000 },
				{ 0.97358, -0.22835, 0.00000, 0.00000, 0.22835, 0.97358, 0.00000, 0.00000, 0.00000, 0.00000, 1.00000, 0.00000, 8.55085, -0.59783, -0.00000, 1.00000 },
			},
			["asset/ground/container_small_steel.mdl"] = {
				{ -0.23514, -0.97196, 0.00000, 0.00000, 0.97196, -0.23514, 0.00000, 0.00000, 0.00000, 0.00000, 1.00000, 0.00000, -21.03000, -11.87000, -0.00000, 1.00000 },
				{ -0.91845, 0.39555, 0.00000, 0.00000, -0.39555, -0.91845, 0.00000, 0.00000, 0.00000, 0.00000, 1.00000, 0.00000, -20.13000, -8.50000, -0.00000, 1.00000 },
				{ -0.20450, -0.97887, 0.00000, 0.00000, 0.97887, -0.20450, 0.00000, 0.00000, 0.00000, 0.00000, 1.00000, 0.00000, -20.74000, -10.46000, -0.00000, 1.00000 },
			},
			["asset/ground/container_waste1.mdl"] = {
				{ 0.17365, 0.98481, 0.00000, 0.00000, -0.98481, 0.17365, 0.00000, 0.00000, 0.00000, 0.00000, 1.00000, 0.00000, -44.93000, -19.49387, -0.00000, 1.00000 },
			},
			["asset/ground/container_waste2.mdl"] = {
				{ 0.98714, -0.15988, 0.00000, 0.00000, 0.15988, 0.98714, 0.00000, 0.00000, 0.00000, 0.00000, 1.00000, 0.00000, -25.86176, 16.63613, -0.00000, 1.00000 },
				{ 0.99122, -0.13226, 0.00000, 0.00000, 0.13226, 0.99122, 0.00000, 0.00000, 0.00000, 0.00000, 1.00000, 0.00000, -66.50175, -31.96387, -0.00000, 1.00000 },
				{ -0.04885, -0.99881, 0.00000, 0.00000, 0.99881, -0.04885, 0.00000, 0.00000, 0.00000, 0.00000, 1.00000, 0.00000, -91.78175, -29.68387, -0.00000, 1.00000 },
				{ -0.22155, -0.97515, 0.00000, 0.00000, 0.97515, -0.22155, 0.00000, 0.00000, 0.00000, 0.00000, 1.00000, 0.00000, -91.04176, -26.50387, -0.00000, 1.00000 },
			},
			["asset/industry/metal_beam_01.mdl"] = {
				{ 0.00000, -1.00000, 0.00000, 0.00000, 1.00000, 0.00000, -0.00000, 0.00000, 0.00000, 0.00000, 1.00000, 0.00000, 19.32196, 31.69073, 0.00000, 1.00000 },
				{ 0.00000, -1.00000, 0.00000, 0.00000, 1.00000, 0.00000, -0.00000, 0.00000, 0.00000, 0.00000, 1.00000, 0.00000, 10.72690, 25.87663, 0.00000, 1.00000 },
				{ 0.00000, -1.00000, 0.00000, 0.00000, 1.00000, 0.00000, -0.00000, 0.00000, 0.00000, 0.00000, 1.00000, 0.00000, 10.74127, 31.89596, 0.00000, 1.00000 },
				{ 0.00000, -1.00000, 0.00000, 0.00000, 1.00000, 0.00000, -0.00000, 0.00000, 0.00000, 0.00000, 1.00000, 0.00000, 10.76986, 38.23239, 0.00000, 1.00000 },
				{ 0.00000, -1.00000, 0.00000, 0.00000, 1.00000, 0.00000, -0.00000, 0.00000, 0.00000, 0.00000, 1.00000, 0.00000, 18.87553, 38.30275, 0.00000, 1.00000 },
				{ 0.00000, -1.00000, 0.00000, 0.00000, 1.00000, 0.00000, -0.00000, 0.00000, 0.00000, 0.00000, 1.00000, 0.00000, 19.32542, 32.82829, 0.00000, 1.00000 },
				{ 0.00000, -1.00000, 0.00000, 0.00000, 1.00000, 0.00000, -0.00000, 0.00000, 0.00000, 0.00000, 1.00000, 0.00000, 10.76050, 27.12484, 0.00000, 1.00000 },
				{ 0.00000, -1.00000, 0.00000, 0.00000, 1.00000, 0.00000, -0.00000, 0.00000, 0.00000, 0.00000, 1.00000, 0.00000, 10.79372, 33.03657, 0.00000, 1.00000 },
				{ 0.00000, -1.00000, 0.00000, 0.00000, 1.00000, 0.00000, -0.00000, 0.00000, 0.00000, 0.00000, 1.00000, 0.00000, 10.87192, 39.36198, 0.00000, 1.00000 },
				{ 0.00000, -1.00000, 0.00000, 0.00000, 1.00000, 0.00000, -0.00000, 0.00000, 0.00000, 0.00000, 1.00000, 0.00000, 18.81896, 39.26693, 0.00000, 1.00000 },
				{ 0.00000, -1.00000, 0.00000, 0.00000, 1.00000, 0.00000, -0.00000, 0.00000, 0.00000, 0.00000, 1.00000, 0.00000, 19.32825, 33.87392, 0.00000, 1.00000 },
				{ 0.00000, -1.00000, 0.00000, 0.00000, 1.00000, 0.00000, -0.00000, 0.00000, 0.00000, 0.00000, 1.00000, 0.00000, 10.76283, 28.12494, 0.00000, 1.00000 },
				{ 0.00000, -1.00000, 0.00000, 0.00000, 1.00000, 0.00000, -0.00000, 0.00000, 0.00000, 0.00000, 1.00000, 0.00000, 10.76814, 34.07953, 0.00000, 1.00000 },
				{ 0.00000, -1.00000, 0.00000, 0.00000, 1.00000, 0.00000, -0.00000, 0.00000, 0.00000, 0.00000, 1.00000, 0.00000, 10.84830, 40.47043, 0.00000, 1.00000 },
				{ 0.00000, -1.00000, 0.00000, 0.00000, 1.00000, 0.00000, -0.00000, 0.00000, 0.00000, 0.00000, 1.00000, 0.00000, 18.88538, 40.47643, 0.00000, 1.00000 },
				{ 0.00000, -1.00000, 0.00000, 0.00000, 1.00000, 0.00000, -0.00000, 0.00000, 0.00000, 0.00000, 1.00000, 0.00000, 19.31337, 35.07706, 0.00000, 1.00000 },
				{ 0.00000, -1.00000, 0.00000, 0.00000, 1.00000, 0.00000, -0.00000, 0.00000, 0.00000, 0.00000, 1.00000, 0.00000, 10.74962, 29.17155, 0.00000, 1.00000 },
				{ 0.00000, -1.00000, 0.00000, 0.00000, 1.00000, 0.00000, -0.00000, 0.00000, 0.00000, 0.00000, 1.00000, 0.00000, 10.78774, 35.30522, 0.00000, 1.00000 },
			},
			["asset/industry/pallet_01.mdl"] = {
				{ 1.47399, -0.27814, 0.00000, 0.00000, 0.12280, 0.65077, 1.34589, 0.00000, -0.24957, -1.32255, 0.66226, 0.00000, -61.36913, -32.41580, 0.79546, 1.00000 },
				{ 1.49519, -0.12005, 0.00000, 0.00000, 0.12005, 1.49519, 0.00000, 0.00000, 0.00000, 0.00000, 1.50000, 0.00000, -61.64305, -35.11579, 0.43500, 1.00000 },
				{ 1.49580, -0.11211, 0.00000, 0.00000, 0.11211, 1.49580, 0.00000, 0.00000, 0.00000, 0.00000, 1.50000, 0.00000, -61.64305, -35.11579, -0.00100, 1.00000 },
				{ 1.49846, -0.06803, 0.00000, 0.00000, 0.06803, 1.49846, 0.00000, 0.00000, 0.00000, 0.00000, 1.50000, 0.00000, -61.64305, -35.11579, 0.21700, 1.00000 },
				{ 1.22887, -0.86016, 0.00000, 0.00000, 0.86016, 1.22887, 0.00000, 0.00000, 0.00000, 0.00000, 1.50000, 0.00000, -63.76305, -32.83579, 1.10000, 1.00000 },
				{ 1.12832, -0.98838, 0.00000, 0.00000, 0.98838, 1.12832, 0.00000, 0.00000, 0.00000, 0.00000, 1.50000, 0.00000, -63.76305, -32.83579, 0.66400, 1.00000 },
				{ 1.27521, -0.78984, 0.00000, 0.00000, 0.78984, 1.27521, 0.00000, 0.00000, 0.00000, 0.00000, 1.50000, 0.00000, -63.76305, -32.83579, 0.44400, 1.00000 },
				{ 1.34110, -0.67190, 0.00000, 0.00000, 0.67190, 1.34110, 0.00000, 0.00000, 0.00000, 0.00000, 1.50000, 0.00000, -63.76305, -32.83579, 0.22400, 1.00000 },
				{ 1.17237, -0.93571, 0.00000, 0.00000, 0.93571, 1.17237, 0.00000, 0.00000, 0.00000, 0.00000, 1.50000, 0.00000, -63.76305, -32.83579, -0.00100, 1.00000 },
				{ 1.19544, -0.90605, 0.00000, 0.00000, 0.90605, 1.19544, 0.00000, 0.00000, 0.00000, 0.00000, 1.50000, 0.00000, -63.76305, -32.83579, 0.88200, 1.00000 },
				{ 1.46941, -0.30138, 0.00000, 0.00000, 0.30138, 1.46941, 0.00000, 0.00000, 0.00000, 0.00000, 1.50000, 0.00000, -54.21305, 12.66421, 1.31500, 1.00000 },
				{ 1.48070, -0.23982, 0.00000, 0.00000, 0.23982, 1.48070, 0.00000, 0.00000, 0.00000, 0.00000, 1.50000, 0.00000, -54.21305, 12.66421, 0.00000, 1.00000 },
				{ 1.49766, -0.08373, 0.00000, 0.00000, 0.08373, 1.49766, 0.00000, 0.00000, 0.00000, 0.00000, 1.50000, 0.00000, -54.21305, 12.66421, 0.22500, 1.00000 },
				{ 1.47164, -0.29032, 0.00000, 0.00000, 0.29032, 1.47164, 0.00000, 0.00000, 0.00000, 0.00000, 1.50000, 0.00000, -54.21305, 12.66421, 0.44300, 1.00000 },
				{ 1.43265, -0.44444, 0.00000, 0.00000, 0.44444, 1.43265, 0.00000, 0.00000, 0.00000, 0.00000, 1.50000, 0.00000, -54.21305, 12.66421, 0.66100, 1.00000 },
				{ 1.47099, -0.29356, 0.00000, 0.00000, 0.29356, 1.47099, 0.00000, 0.00000, 0.00000, 0.00000, 1.50000, 0.00000, -54.21305, 12.66421, 0.87900, 1.00000 },
				{ 1.47900, -0.25014, 0.00000, 0.00000, 0.25014, 1.47900, 0.00000, 0.00000, 0.00000, 0.00000, 1.50000, 0.00000, -54.21305, 12.66421, 1.09700, 1.00000 },
				{ 1.49967, 0.03166, 0.00000, 0.00000, -0.03166, 1.49967, 0.00000, 0.00000, 0.00000, 0.00000, 1.50000, 0.00000, -51.36306, 12.91421, 1.31500, 1.00000 },
				{ 1.49704, 0.09419, 0.00000, 0.00000, -0.09419, 1.49704, 0.00000, 0.00000, 0.00000, 0.00000, 1.50000, 0.00000, -51.36306, 12.91421, 0.00000, 1.00000 },
				{ 1.49926, 0.04712, 0.00000, 0.00000, -0.02168, 0.68996, 1.33172, 0.00000, 0.04183, -1.33107, 0.69030, 0.00000, -51.33583, 11.62450, 0.79500, 1.00000 },
				{ 1.47899, 0.25015, 0.00000, 0.00000, -0.25015, 1.47899, 0.00000, 0.00000, 0.00000, 0.00000, 1.50000, 0.00000, -51.36306, 12.91421, 0.22500, 1.00000 },
				{ 1.49939, 0.04294, 0.00000, 0.00000, -0.04294, 1.49939, 0.00000, 0.00000, 0.00000, 0.00000, 1.50000, 0.00000, -51.36306, 12.91421, 0.44300, 1.00000 },
				{ 1.49551, -0.11599, 0.00000, 0.00000, 0.11599, 1.49551, 0.00000, 0.00000, 0.00000, 0.00000, 1.50000, 0.00000, -51.36306, 12.91421, 0.66100, 1.00000 },
				{ 1.49948, 0.03963, 0.00000, 0.00000, -0.03963, 1.49948, 0.00000, 0.00000, 0.00000, 0.00000, 1.50000, 0.00000, -51.36306, 12.91421, 0.87900, 1.00000 },
				{ 1.49766, 0.08375, 0.00000, 0.00000, -0.08375, 1.49766, 0.00000, 0.00000, 0.00000, 0.00000, 1.50000, 0.00000, -51.36306, 12.91421, 1.09700, 1.00000 },
				{ 1.38768, 0.56952, 0.00000, 0.00000, -0.56952, 1.38768, 0.00000, 0.00000, 0.00000, 0.00000, 1.50000, 0.00000, -57.31941, 13.03603, -0.00100, 1.00000 },
				{ 1.49575, 0.11283, 0.00000, 0.00000, -0.11283, 1.49575, 0.00000, 0.00000, 0.00000, 0.00000, 1.50000, 0.00000, -48.01942, 34.08603, -0.00100, 1.00000 },
				{ 1.49519, -0.12005, 0.00000, 0.00000, 0.12005, 1.49519, 0.00000, 0.00000, 0.00000, 0.00000, 1.50000, 0.00000, -64.06306, 12.76421, 0.43500, 1.00000 },
				{ 1.49580, -0.11211, 0.00000, 0.00000, 0.11211, 1.49580, 0.00000, 0.00000, 0.00000, 0.00000, 1.50000, 0.00000, -64.06306, 12.76421, -0.00100, 1.00000 },
				{ 1.49846, -0.06803, 0.00000, 0.00000, 0.06803, 1.49846, 0.00000, 0.00000, 0.00000, 0.00000, 1.50000, 0.00000, -64.06306, 12.76421, 0.21700, 1.00000 },
			},
			["asset/industry/steal_pipes_01.mdl"] = {
				{ 0.06783, 0.99770, 0.00000, 0.00000, -0.99770, 0.06783, 0.00000, 0.00000, 0.00000, 0.00000, 1.00000, 0.00000, 10.86104, 20.01474, 0.00000, 1.00000 },
				{ 0.27042, 0.96274, 0.00000, 0.00000, -0.96274, 0.27042, 0.00000, 0.00000, 0.00000, 0.00000, 1.00000, 0.00000, 7.31213, 20.43339, 0.00000, 1.00000 },
				{ 0.06783, 0.99770, 0.00000, 0.00000, -0.99770, 0.06783, 0.00000, 0.00000, 0.00000, 0.00000, 1.00000, 0.00000, 10.86104, 20.01474, 0.00000, 1.00000 },
				{ 0.05035, 0.99873, 0.00000, 0.00000, -0.99873, 0.05035, 0.00000, 0.00000, 0.00000, 0.00000, 1.00000, 0.00000, 23.89480, 23.41640, 0.00000, 1.00000 },
				{ 0.04774, 0.99886, 0.00000, 0.00000, -0.99886, 0.04774, 0.00000, 0.00000, 0.00000, 0.00000, 1.00000, 0.00000, 23.82868, 21.79310, 0.00000, 1.00000 },
				{ 0.06447, 0.99792, 0.00000, 0.00000, -0.99792, 0.06447, 0.00000, 0.00000, 0.00000, 0.00000, 1.00000, 0.00000, 23.84538, 20.14580, 0.00000, 1.00000 },
				{ 0.01255, 0.99992, 0.00000, 0.00000, -0.99992, 0.01255, 0.00000, 0.00000, 0.00000, 0.00000, 1.00000, 0.00000, 20.50031, 23.44003, 0.00000, 1.00000 },
				{ 0.05758, 0.99834, 0.00000, 0.00000, -0.99834, 0.05758, 0.00000, 0.00000, 0.00000, 0.00000, 1.00000, 0.00000, 20.55407, 21.69562, 0.00000, 1.00000 },
				{ 0.07310, 0.99732, 0.00000, 0.00000, -0.99732, 0.07310, 0.00000, 0.00000, 0.00000, 0.00000, 1.00000, 0.00000, 20.53754, 20.08000, 0.00000, 1.00000 },
				{ 0.07659, 0.99706, 0.00000, 0.00000, -0.99706, 0.07659, 0.00000, 0.00000, 0.00000, 0.00000, 1.00000, 0.00000, 17.36430, 23.36355, 0.00000, 1.00000 },
				{ 0.06197, 0.99808, 0.00000, 0.00000, -0.99808, 0.06197, 0.00000, 0.00000, 0.00000, 0.00000, 1.00000, 0.00000, 17.41162, 21.71063, 0.00000, 1.00000 },
				{ 0.06625, 0.99780, 0.00000, 0.00000, -0.99780, 0.06625, 0.00000, 0.00000, 0.00000, 0.00000, 1.00000, 0.00000, 17.29019, 20.04982, 0.00000, 1.00000 },
				{ 0.06115, 0.99813, 0.00000, 0.00000, -0.99813, 0.06115, 0.00000, 0.00000, 0.00000, 0.00000, 1.00000, 0.00000, 14.06036, 23.39440, 0.00000, 1.00000 },
				{ 0.08929, 0.99601, 0.00000, 0.00000, -0.99601, 0.08929, 0.00000, 0.00000, 0.00000, 0.00000, 1.00000, 0.00000, 14.11001, 21.71108, 0.00000, 1.00000 },
				{ 0.09875, 0.99511, 0.00000, 0.00000, -0.99511, 0.09875, 0.00000, 0.00000, 0.00000, 0.00000, 1.00000, 0.00000, 14.09452, 20.07812, 0.00000, 1.00000 },
				{ 0.05563, 0.99845, 0.00000, 0.00000, -0.99845, 0.05563, 0.00000, 0.00000, 0.00000, 0.00000, 1.00000, 0.00000, 10.78543, 23.28938, 0.00000, 1.00000 },
				{ 0.02258, 0.99974, 0.00000, 0.00000, -0.99974, 0.02258, 0.00000, 0.00000, 0.00000, 0.00000, 1.00000, 0.00000, 10.88281, 21.70324, 0.00000, 1.00000 },
				{ 0.06707, 0.99775, 0.00000, 0.00000, -0.99775, 0.06707, 0.00000, 0.00000, 0.00000, 0.00000, 1.00000, 0.00000, 10.78654, 20.00531, 0.00000, 1.00000 },
			},
			["asset/industry/wooden_box_01.mdl"] = {
				{ 0.96057, -0.27802, 0.00000, 0.00000, 0.27802, 0.96057, 0.00000, 0.00000, 0.00000, 0.00000, 1.00000, 0.00000, -85.61734, -29.83708, 0.00000, 1.00000 },
				{ 0.95765, -0.28794, 0.00000, 0.00000, 0.28794, 0.95765, 0.00000, 0.00000, 0.00000, 0.00000, 1.00000, 0.00000, -86.94902, -29.69077, 0.00000, 1.00000 },
				{ 0.98060, -0.19601, 0.00000, 0.00000, 0.19601, 0.98060, 0.00000, 0.00000, 0.00000, 0.00000, 1.00000, 0.00000, -86.94902, -29.69077, 0.90000, 1.00000 },
				{ 0.96222, -0.27229, 0.00000, 0.00000, 0.27229, 0.96222, 0.00000, 0.00000, 0.00000, 0.00000, 1.00000, 0.00000, -88.26444, -29.37632, 0.00000, 1.00000 },
				{ 0.98229, -0.18735, 0.00000, 0.00000, 0.18735, 0.98229, 0.00000, 0.00000, 0.00000, 0.00000, 1.00000, 0.00000, -88.26444, -29.37632, 0.90000, 1.00000 },
				{ 0.98190, -0.18940, 0.00000, 0.00000, 0.18940, 0.98190, 0.00000, 0.00000, 0.00000, 0.00000, 1.00000, 0.00000, -89.55697, -29.24301, 0.00000, 1.00000 },
				{ 0.99358, -0.11309, 0.00000, 0.00000, 0.11309, 0.99358, 0.00000, 0.00000, 0.00000, 0.00000, 1.00000, 0.00000, -89.55697, -29.24301, 0.90000, 1.00000 },
				{ 0.98945, -0.14488, 0.00000, 0.00000, 0.14488, 0.98945, 0.00000, 0.00000, 0.00000, 0.00000, 1.00000, 0.00000, -84.05087, -28.54106, 0.00000, 1.00000 },
				{ 0.96932, -0.24579, 0.00000, 0.00000, 0.24579, 0.96932, 0.00000, 0.00000, 0.00000, 0.00000, 1.00000, 0.00000, -85.35384, -28.33542, 0.00000, 1.00000 },
				{ 0.98786, -0.15534, 0.00000, 0.00000, 0.15534, 0.98786, 0.00000, 0.00000, 0.00000, 0.00000, 1.00000, 0.00000, -85.35384, -28.33542, 0.90000, 1.00000 },
				{ 0.97199, -0.23504, 0.00000, 0.00000, 0.23504, 0.97199, 0.00000, 0.00000, 0.00000, 0.00000, 1.00000, 0.00000, -86.76700, -28.10465, 0.00000, 1.00000 },
				{ 0.99516, -0.09822, 0.00000, 0.00000, 0.09822, 0.99516, 0.00000, 0.00000, 0.00000, 0.00000, 1.00000, 0.00000, -86.76700, -28.10465, 0.90000, 1.00000 },
				{ 0.97170, -0.23622, 0.00000, 0.00000, 0.23622, 0.97170, 0.00000, 0.00000, 0.00000, 0.00000, 1.00000, 0.00000, -88.03972, -28.01742, 0.00000, 1.00000 },
				{ 0.99057, -0.13702, 0.00000, 0.00000, 0.13702, 0.99057, 0.00000, 0.00000, 0.00000, 0.00000, 1.00000, 0.00000, -88.03972, -28.01742, 0.90000, 1.00000 },
				{ 0.98103, -0.19385, 0.00000, 0.00000, 0.19385, 0.98103, 0.00000, 0.00000, 0.00000, 0.00000, 1.00000, 0.00000, -89.39548, -27.72257, 0.00000, 1.00000 },
				{ 0.99532, -0.09664, 0.00000, 0.00000, 0.09664, 0.99532, 0.00000, 0.00000, 0.00000, 0.00000, 1.00000, 0.00000, -89.39548, -27.72257, 0.90000, 1.00000 },
				{ 0.97107, -0.23881, 0.00000, 0.00000, 0.23881, 0.97107, 0.00000, 0.00000, 0.00000, 0.00000, 1.00000, 0.00000, -75.92580, -30.61754, 0.00000, 1.00000 },
				{ 0.97799, -0.20866, 0.00000, 0.00000, 0.20866, 0.97799, 0.00000, 0.00000, 0.00000, 0.00000, 1.00000, 0.00000, -78.57085, -31.26004, 0.00000, 1.00000 },
				{ 0.97569, -0.21917, 0.00000, 0.00000, 0.21917, 0.97569, 0.00000, 0.00000, 0.00000, 0.00000, 1.00000, 0.00000, -80.32332, -30.86423, 0.00000, 1.00000 },
				{ 0.98060, -0.19602, 0.00000, 0.00000, 0.19602, 0.98060, 0.00000, 0.00000, 0.00000, 0.00000, 1.00000, 0.00000, -81.37711, -30.69828, 0.00000, 1.00000 },
				{ 0.98060, -0.19602, 0.00000, 0.00000, 0.19602, 0.98060, 0.00000, 0.00000, 0.00000, 0.00000, 1.00000, 0.00000, -81.37711, -30.69828, 0.89000, 1.00000 },
				{ 0.98060, -0.19602, 0.00000, 0.00000, 0.19602, 0.98060, 0.00000, 0.00000, 0.00000, 0.00000, 1.00000, 0.00000, -81.67711, -31.91828, 0.00000, 1.00000 },
				{ 0.99275, -0.12021, 0.00000, 0.00000, 0.12021, 0.99275, 0.00000, 0.00000, 0.00000, 0.00000, 1.00000, 0.00000, -81.67711, -31.91828, 0.89000, 1.00000 },
				{ 0.96398, -0.26597, 0.00000, 0.00000, 0.26597, 0.96398, 0.00000, 0.00000, 0.00000, 0.00000, 1.00000, 0.00000, -82.40651, -30.55099, 0.00000, 1.00000 },
				{ 0.96398, -0.26597, 0.00000, 0.00000, 0.26597, 0.96398, 0.00000, 0.00000, 0.00000, 0.00000, 1.00000, 0.00000, -82.40651, -30.55099, 0.89000, 1.00000 },
				{ 0.98533, -0.17063, 0.00000, 0.00000, 0.17063, 0.98533, 0.00000, 0.00000, 0.00000, 0.00000, 1.00000, 0.00000, -82.70652, -31.77100, 0.00000, 1.00000 },
				{ 0.77079, 0.63709, 0.00000, 0.00000, -0.63709, 0.77079, 0.00000, 0.00000, 0.00000, 0.00000, 1.00000, 0.00000, -82.78652, -33.15100, 0.00000, 1.00000 },
				{ 0.97348, -0.22877, 0.00000, 0.00000, 0.22877, 0.97348, 0.00000, 0.00000, 0.00000, 0.00000, 1.00000, 0.00000, -82.70652, -31.77100, 0.89000, 1.00000 },
				{ 0.97745, -0.21118, 0.00000, 0.00000, 0.21118, 0.97745, 0.00000, 0.00000, 0.00000, 0.00000, 1.00000, 0.00000, -77.02389, -30.08699, 0.00000, 1.00000 },
				{ 0.95472, -0.29750, 0.00000, 0.00000, 0.29750, 0.95472, 0.00000, 0.00000, 0.00000, 0.00000, 1.00000, 0.00000, -78.30502, -29.90949, 0.00000, 1.00000 },
				{ 0.97282, -0.23157, 0.00000, 0.00000, 0.23157, 0.97282, 0.00000, 0.00000, 0.00000, 0.00000, 1.00000, 0.00000, -80.04989, -29.42138, 0.00000, 1.00000 },
				{ 0.98878, -0.14935, 0.00000, 0.00000, 0.14935, 0.98878, 0.00000, 0.00000, 0.00000, 0.00000, 1.00000, 0.00000, -80.04989, -29.42138, 0.89000, 1.00000 },
				{ 0.97490, -0.22264, 0.00000, 0.00000, 0.22264, 0.97490, 0.00000, 0.00000, 0.00000, 0.00000, 1.00000, 0.00000, -81.24432, -29.21268, 0.00000, 1.00000 },
				{ 0.99011, -0.14028, 0.00000, 0.00000, 0.14028, 0.99011, 0.00000, 0.00000, 0.00000, 0.00000, 1.00000, 0.00000, -81.24432, -29.21268, 0.89000, 1.00000 },
				{ 0.95481, -0.29721, 0.00000, 0.00000, 0.29721, 0.95481, 0.00000, 0.00000, 0.00000, 0.00000, 1.00000, 0.00000, -82.25357, -29.04060, 0.00000, 1.00000 },
				{ 0.97633, -0.21627, 0.00000, 0.00000, 0.21627, 0.97633, 0.00000, 0.00000, 0.00000, 0.00000, 1.00000, 0.00000, -82.25357, -29.04060, 0.89000, 1.00000 },
			},
			["asset/industry/wooden_box_02.mdl"] = {
