local industryutil = require "industryutil"

--Begin Generated
local generatedData = {
	["level1"] = {
		models = {
			["asset/ground/barrel_steel.mdl"] = {
				{ 0.00698, -0.99998, 0.00000, 0.00000, 0.99998, 0.00698, 0.00000, 0.00000, 0.00000, 0.00000, 1.00000, 0.00000, 73.66080, 25.55570, -0.05040, 1.00000 },
				{ 0.00698, -0.99998, 0.00000, 0.00000, 0.99998, 0.00698, 0.00000, 0.00000, 0.00000, 0.00000, 1.00000, 0.00000, 73.67028, 24.19778, -0.05040, 1.00000 },
				{ 0.15522, 0.14376, -0.97736, 0.00000, 0.68254, 0.69964, 0.21131, 0.00000, 0.71418, -0.69989, 0.01047, 0.00000, 73.67264, 23.34080, 0.35005, 1.00000 },
				{ 0.00698, -0.99998, 0.00000, 0.00000, 0.99998, 0.00698, 0.00000, 0.00000, 0.00000, 0.00000, 1.00000, 0.00000, 75.50555, 27.00037, -0.05040, 1.00000 },
				{ 0.00698, -0.99998, 0.00000, 0.00000, 0.99998, 0.00698, 0.00000, 0.00000, 0.00000, 0.00000, 1.00000, 0.00000, 75.51537, 25.59443, -0.05040, 1.00000 },
				{ 0.00698, -0.99998, 0.00000, 0.00000, 0.99998, 0.00698, 0.00000, 0.00000, 0.00000, 0.00000, 1.00000, 0.00000, 75.52492, 24.22541, -0.05040, 1.00000 },
				{ 0.00698, -0.99998, 0.00000, 0.00000, 0.99998, 0.00698, 0.00000, 0.00000, 0.00000, 0.00000, 1.00000, 0.00000, 77.36056, 26.97565, -0.05040, 1.00000 },
				{ 0.00698, -0.99998, 0.00000, 0.00000, 0.99998, 0.00698, 0.00000, 0.00000, 0.00000, 0.00000, 1.00000, 0.00000, 77.37018, 25.59732, -0.05040, 1.00000 },
				{ 0.00698, -0.99998, 0.00000, 0.00000, 0.99998, 0.00698, 0.00000, 0.00000, 0.00000, 0.00000, 1.00000, 0.00000, 77.37962, 24.24428, -0.05040, 1.00000 },
				{ 0.00698, -0.99998, 0.00000, 0.00000, 0.99998, 0.00698, 0.00000, 0.00000, 0.00000, 0.00000, 1.00000, 0.00000, 79.21542, 26.97160, -0.05040, 1.00000 },
				{ 0.00698, -0.99998, 0.00000, 0.00000, 0.99998, 0.00698, 0.00000, 0.00000, 0.00000, 0.00000, 1.00000, 0.00000, 79.22501, 25.59910, -0.05040, 1.00000 },
				{ 0.00698, -0.99998, 0.00000, 0.00000, 0.99998, 0.00698, 0.00000, 0.00000, 0.00000, 0.00000, 1.00000, 0.00000, 79.23454, 24.23286, -0.05040, 1.00000 },
				{ 0.00698, -0.99998, 0.00000, 0.00000, 0.99998, 0.00698, 0.00000, 0.00000, 0.00000, 0.00000, 1.00000, 0.00000, 81.07012, 26.99138, -0.05040, 1.00000 },
				{ 0.00698, -0.99998, 0.00000, 0.00000, 0.99998, 0.00698, 0.00000, 0.00000, 0.00000, 0.00000, 1.00000, 0.00000, 81.07963, 25.62921, -0.05040, 1.00000 },
				{ 0.00698, -0.99998, 0.00000, 0.00000, 0.99998, 0.00698, 0.00000, 0.00000, 0.00000, 0.00000, 1.00000, 0.00000, 81.08908, 24.27539, -0.05040, 1.00000 },
				{ 0.00698, -0.99998, 0.00000, 0.00000, 0.99998, 0.00698, 0.00000, 0.00000, 0.00000, 0.00000, 1.00000, 0.00000, 82.92493, 26.99414, -0.05040, 1.00000 },
				{ 0.00698, -0.99998, 0.00000, 0.00000, 0.99998, 0.00698, 0.00000, 0.00000, 0.00000, 0.00000, 1.00000, 0.00000, 82.93459, 25.61153, -0.05040, 1.00000 },
				{ 0.00698, -0.99998, 0.00000, 0.00000, 0.99998, 0.00698, 0.00000, 0.00000, 0.00000, 0.00000, 1.00000, 0.00000, 82.94400, 24.26308, -0.05040, 1.00000 },
				{ 0.00698, -0.99998, 0.00000, 0.00000, 0.99998, 0.00698, 0.00000, 0.00000, 0.00000, 0.00000, 1.00000, 0.00000, 84.77942, 27.04417, -0.05040, 1.00000 },
				{ 0.00698, -0.99998, 0.00000, 0.00000, 0.99998, 0.00698, 0.00000, 0.00000, 0.00000, 0.00000, 1.00000, 0.00000, 84.78904, 25.66654, -0.05040, 1.00000 },
				{ 0.00698, -0.99998, 0.00000, 0.00000, 0.99998, 0.00698, 0.00000, 0.00000, 0.00000, 0.00000, 1.00000, 0.00000, 84.79849, 24.31335, -0.05040, 1.00000 },
			},
			["asset/ground/container_fluid.mdl"] = {
				{ 1.00000, 0.00000, 0.00000, 0.00000, 0.00000, 1.00000, 0.00000, 0.00000, 0.00000, 0.00000, 1.00000, 0.00000, 30.80831, -5.99137, 0.28000, 1.00000 },
				{ 1.00000, 0.00000, 0.00000, 0.00000, 0.00000, 1.00000, 0.00000, 0.00000, 0.00000, 0.00000, 1.00000, 0.00000, 33.30144, -5.99137, 0.28000, 1.00000 },
				{ 1.00000, 0.00000, 0.00000, 0.00000, 0.00000, 1.00000, 0.00000, 0.00000, 0.00000, 0.00000, 1.00000, 0.00000, 35.78902, -5.99137, 0.28000, 1.00000 },
				{ 1.00000, 0.00000, 0.00000, 0.00000, 0.00000, 1.00000, 0.00000, 0.00000, 0.00000, 0.00000, 1.00000, 0.00000, 38.31567, -5.99137, 0.28000, 1.00000 },
				{ 1.00000, 0.00000, 0.00000, 0.00000, 0.00000, 1.00000, 0.00000, 0.00000, 0.00000, 0.00000, 1.00000, 0.00000, 28.34564, -8.19425, 0.28000, 1.00000 },
				{ 1.00000, 0.00000, 0.00000, 0.00000, 0.00000, 1.00000, 0.00000, 0.00000, 0.00000, 0.00000, 1.00000, 0.00000, 30.85563, -8.19425, 0.28000, 1.00000 },
				{ 1.00000, 0.00000, 0.00000, 0.00000, 0.00000, 1.00000, 0.00000, 0.00000, 0.00000, 0.00000, 1.00000, 0.00000, 33.27258, -8.19425, 0.28000, 1.00000 },
				{ 1.00000, 0.00000, 0.00000, 0.00000, 0.00000, 1.00000, 0.00000, 0.00000, 0.00000, 0.00000, 1.00000, 0.00000, 35.82060, -8.19425, 0.28000, 1.00000 },
				{ 1.00000, 0.00000, 0.00000, 0.00000, 0.00000, 1.00000, 0.00000, 0.00000, 0.00000, 0.00000, 1.00000, 0.00000, 38.27737, -8.19425, 0.28000, 1.00000 },
				{ 1.00000, 0.00000, 0.00000, 0.00000, 0.00000, 1.00000, 0.00000, 0.00000, 0.00000, 0.00000, 1.00000, 0.00000, 28.36388, -10.39712, 0.28000, 1.00000 },
				{ 1.00000, 0.00000, 0.00000, 0.00000, 0.00000, 1.00000, 0.00000, 0.00000, 0.00000, 0.00000, 1.00000, 0.00000, 30.78043, -10.39712, 0.28000, 1.00000 },
				{ 1.00000, 0.00000, 0.00000, 0.00000, 0.00000, 1.00000, 0.00000, 0.00000, 0.00000, 0.00000, 1.00000, 0.00000, 33.27298, -10.39712, 0.28000, 1.00000 },
				{ 1.00000, 0.00000, 0.00000, 0.00000, 0.00000, 1.00000, 0.00000, 0.00000, 0.00000, 0.00000, 1.00000, 0.00000, 35.81981, -10.39712, 0.28000, 1.00000 },
				{ 1.00000, 0.00000, 0.00000, 0.00000, 0.00000, 1.00000, 0.00000, 0.00000, 0.00000, 0.00000, 1.00000, 0.00000, 38.29014, -10.39712, 0.28000, 1.00000 },
				{ 1.00000, 0.00000, 0.00000, 0.00000, 0.00000, 1.00000, 0.00000, 0.00000, 0.00000, 0.00000, 1.00000, 0.00000, 28.31558, -12.60000, 0.28000, 1.00000 },
				{ 1.00000, 0.00000, 0.00000, 0.00000, 0.00000, 1.00000, 0.00000, 0.00000, 0.00000, 0.00000, 1.00000, 0.00000, 30.84660, -12.60000, 0.28000, 1.00000 },
				{ 1.00000, 0.00000, 0.00000, 0.00000, 0.00000, 1.00000, 0.00000, 0.00000, 0.00000, 0.00000, 1.00000, 0.00000, 33.33501, -12.60000, 0.28000, 1.00000 },
				{ 1.00000, 0.00000, 0.00000, 0.00000, 0.00000, 1.00000, 0.00000, 0.00000, 0.00000, 0.00000, 1.00000, 0.00000, 35.76193, -12.60000, 0.28000, 1.00000 },
				{ 1.00000, 0.00000, 0.00000, 0.00000, 0.00000, 1.00000, 0.00000, 0.00000, 0.00000, 0.00000, 1.00000, 0.00000, 38.32784, -12.60000, 0.28000, 1.00000 },
			},
			["asset/ground/container_waste1.mdl"] = {
				{ -0.99881, 0.04885, 0.00000, 0.00000, -0.04885, -0.99881, 0.00000, 0.00000, 0.00000, 0.00000, 1.00000, 0.00000, 9.30000, -14.43903, 0.26000, 1.00000 },
			},
			["asset/ground/container_waste2.mdl"] = {
				{ -1.00000, -0.00000, 0.00000, 0.00000, 0.00000, -1.00000, 0.00000, 0.00000, 0.00000, 0.00000, 1.00000, 0.00000, 12.07824, -14.55903, 0.26000, 1.00000 },
			},
			["asset/ground/container_waste3.mdl"] = {
				{ -0.99756, -0.06976, 0.00000, 0.00000, 0.06976, -0.99756, 0.00000, 0.00000, 0.00000, 0.00000, 1.00000, 0.00000, 84.14648, -25.66903, -0.01000, 1.00000 },
			},
			["asset/ground/container_waste3_open.mdl"] = {
				{ -0.99863, 0.05234, 0.00000, 0.00000, -0.05234, -0.99863, 0.00000, 0.00000, 0.00000, 0.00000, 1.00000, 0.00000, 86.92473, -25.66903, -0.01000, 1.00000 },
			},
			["asset/industry/cardboard_box_01.mdl"] = {
				{ 1.00000, 0.00000, 0.00000, 0.00000, 0.00000, 1.00000, 0.00000, 0.00000, 0.00000, 0.00000, 1.00000, 0.00000, 87.07999, -24.47000, -0.02000, 1.00000 },
			},
			["asset/industry/cardboard_box_02.mdl"] = {
				{ 0.68709, -0.72657, 0.00000, 0.00000, 0.72657, 0.68709, 0.00000, 0.00000, 0.00000, 0.00000, 1.00000, 0.00000, 85.36000, -24.47000, 0.00000, 1.00000 },
			},
			["asset/industry/metal_beam_01.mdl"] = {
				{ 0.82314, 0.56784, 0.00000, 0.00000, -0.56784, 0.82314, 0.00000, 0.00000, 0.00000, 0.00000, 1.00000, 0.00000, -23.75000, -67.88000, -0.06000, 1.00000 },
				{ 0.99452, 0.10453, 0.00000, 0.00000, -0.10453, 0.99452, 0.00000, 0.00000, 0.00000, 0.00000, 1.00000, 0.00000, -19.35000, -68.58000, -0.06000, 1.00000 },
				{ 1.00000, 0.00000, 0.00000, 0.00000, -0.00000, 1.00000, 0.00000, 0.00000, 0.00000, 0.00000, 1.00000, 0.00000, -16.75000, -68.58000, -0.06000, 1.00000 },
				{ 0.99897, 0.04536, 0.00000, 0.00000, -0.04536, 0.99897, 0.00000, 0.00000, 0.00000, 0.00000, 1.00000, 0.00000, -13.95000, -68.58000, -0.06000, 1.00000 },
				{ 0.99990, -0.01396, 0.00000, 0.00000, 0.01396, 0.99990, 0.00000, 0.00000, 0.00000, 0.00000, 1.00000, 0.00000, -12.45000, -68.58000, -0.06000, 1.00000 },
			},
			["asset/industry/pallet_01.mdl"] = {
				{ 1.24500, 0.00000, 0.00000, 0.00000, 0.00000, 0.56522, 1.10930, 0.00000, 0.00000, -1.10930, 0.56522, 0.00000, -22.16000, 19.02000, 0.71000, 1.00000 },
				{ 1.50000, 0.00000, 0.00000, 0.00000, 0.00000, 1.50000, 0.00000, 0.00000, 0.00000, 0.00000, 1.50000, 0.00000, 60.00000, -25.11000, 0.00000, 1.00000 },
				{ 0.68099, -1.33651, 0.00000, 0.00000, 1.33552, 0.68048, 0.05758, 0.00000, -0.05131, -0.02614, 1.49889, 0.00000, 67.65000, -24.96000, 0.00000, 1.00000 },
				{ 0.01627, 1.49967, -0.02687, 0.00000, -0.77687, 0.03141, 1.28276, 0.00000, 1.28305, 0.00000, 0.77704, 0.00000, 63.88500, -25.11000, 0.77000, 1.00000 },
				{ 1.48817, -0.18800, 0.00000, 0.00000, 0.18800, 1.48817, 0.00000, 0.00000, 0.00000, 0.00000, 1.50000, 0.00000, 60.00000, -25.11000, 0.21000, 1.00000 },
				{ 1.48817, -0.18800, 0.00000, 0.00000, 0.18800, 1.48817, 0.00000, 0.00000, 0.00000, 0.00000, 1.50000, 0.00000, 62.91000, -25.11000, 0.21000, 1.00000 },
				{ 1.49955, -0.03665, 0.00000, 0.00000, 0.03665, 1.49955, 0.00000, 0.00000, 0.00000, 0.00000, 1.50000, 0.00000, 60.00000, -25.11000, 0.43000, 1.00000 },
				{ 1.49955, -0.03665, 0.00000, 0.00000, 0.03665, 1.49955, 0.00000, 0.00000, 0.00000, 0.00000, 1.50000, 0.00000, 62.91000, -25.11000, 0.43000, 1.00000 },
				{ 1.49517, 0.12030, 0.00000, 0.00000, -0.12030, 1.49517, 0.00000, 0.00000, 0.00000, 0.00000, 1.50000, 0.00000, 60.00000, -25.11000, 0.65000, 1.00000 },
				{ 1.48234, -0.22948, 0.00000, 0.00000, 0.22948, 1.48234, 0.00000, 0.00000, 0.00000, 0.00000, 1.50000, 0.00000, 62.91000, -25.11000, 0.65000, 1.00000 },
				{ 1.48070, 0.23982, 0.00000, 0.00000, -0.23982, 1.48070, 0.00000, 0.00000, 0.00000, 0.00000, 1.50000, 0.00000, 60.00000, -25.11000, 0.87000, 1.00000 },
				{ 1.49868, -0.06281, 0.00000, 0.00000, 0.06281, 1.49868, 0.00000, 0.00000, 0.00000, 0.00000, 1.50000, 0.00000, 62.91000, -25.11000, 0.87000, 1.00000 },
				{ 1.50000, 0.00000, 0.00000, 0.00000, 0.00000, 1.50000, 0.00000, 0.00000, 0.00000, 0.00000, 1.50000, 0.00000, -7.80000, 20.31000, 0.00000, 1.00000 },
				{ 1.36167, -0.62918, 0.00000, 0.00000, 0.62918, 1.36167, 0.00000, 0.00000, 0.00000, 0.00000, 1.50000, 0.00000, -25.41000, 16.82000, 0.00000, 1.00000 },
				{ 1.50000, 0.00000, 0.00000, 0.00000, 0.00000, 1.50000, 0.00000, 0.00000, 0.00000, 0.00000, 1.50000, 0.00000, -6.90000, 22.88000, 0.00000, 1.00000 },
				{ 1.47899, -0.25015, 0.00000, 0.00000, 0.25015, 1.47899, 0.00000, 0.00000, 0.00000, 0.00000, 1.50000, 0.00000, -7.78000, 25.93000, 0.00000, 1.00000 },
				{ 0.00572, -0.74926, -1.29945, 0.00000, 1.49999, 0.00351, 0.00458, 0.00000, 0.00075, -1.29946, 0.74927, 0.00000, -2.29000, 30.65500, 0.64000, 1.00000 },
				{ 0.01627, 1.49967, -0.02687, 0.00000, -0.77687, 0.03141, 1.28276, 0.00000, 1.28305, 0.00000, 0.77704, 0.00000, -6.91500, 25.95000, 0.77000, 1.00000 },
				{ 1.48817, -0.18800, 0.00000, 0.00000, 0.18800, 1.48817, 0.00000, 0.00000, 0.00000, 0.00000, 1.50000, 0.00000, -7.80000, 20.31000, 0.21000, 1.00000 },
				{ 1.48817, -0.18800, 0.00000, 0.00000, 0.18800, 1.48817, 0.00000, 0.00000, 0.00000, 0.00000, 1.50000, 0.00000, -7.89000, 25.95000, 0.21000, 1.00000 },
				{ 1.48817, -0.18800, 0.00000, 0.00000, 0.18800, 1.48817, 0.00000, 0.00000, 0.00000, 0.00000, 1.50000, 0.00000, -6.86000, 22.92000, 0.21000, 1.00000 },
				{ 1.49955, -0.03665, 0.00000, 0.00000, 0.03665, 1.49955, 0.00000, 0.00000, 0.00000, 0.00000, 1.50000, 0.00000, -7.80000, 20.31000, 0.43000, 1.00000 },
				{ 1.49955, -0.03665, 0.00000, 0.00000, 0.03665, 1.49955, 0.00000, 0.00000, 0.00000, 0.00000, 1.50000, 0.00000, -7.89000, 25.95000, 0.43000, 1.00000 },
				{ 1.49955, -0.03665, 0.00000, 0.00000, 0.03665, 1.49955, 0.00000, 0.00000, 0.00000, 0.00000, 1.50000, 0.00000, -6.86000, 22.92000, 0.43000, 1.00000 },
				{ 1.49517, 0.12030, 0.00000, 0.00000, -0.12030, 1.49517, 0.00000, 0.00000, 0.00000, 0.00000, 1.50000, 0.00000, -7.80000, 20.31000, 0.65000, 1.00000 },
				{ 1.48234, -0.22948, 0.00000, 0.00000, 0.22948, 1.48234, 0.00000, 0.00000, 0.00000, 0.00000, 1.50000, 0.00000, -7.89000, 25.95000, 0.65000, 1.00000 },
				{ 1.48234, -0.22948, 0.00000, 0.00000, 0.22948, 1.48234, 0.00000, 0.00000, 0.00000, 0.00000, 1.50000, 0.00000, -6.86000, 22.92000, 0.65000, 1.00000 },
				{ 1.48070, 0.23982, 0.00000, 0.00000, -0.23982, 1.48070, 0.00000, 0.00000, 0.00000, 0.00000, 1.50000, 0.00000, -7.80000, 20.31000, 0.87000, 1.00000 },
				{ 1.49868, -0.06281, 0.00000, 0.00000, 0.06281, 1.49868, 0.00000, 0.00000, 0.00000, 0.00000, 1.50000, 0.00000, -7.89000, 25.95000, 0.87000, 1.00000 },
				{ 1.49868, -0.06281, 0.00000, 0.00000, 0.06281, 1.49868, 0.00000, 0.00000, 0.00000, 0.00000, 1.50000, 0.00000, -6.86000, 22.92000, 0.87000, 1.00000 },
			},
			["asset/industry/steal_pipes_01.mdl"] = {
				{ 1.00000, 0.00000, 0.00000, 0.00000, 0.00000, 1.00000, 0.00000, 0.00000, 0.00000, 0.00000, 1.00000, 0.00000, -25.85000, -59.82000, -0.06000, 1.00000 },
			},
			["asset/industry/wooden_box_01.mdl"] = {
				{ 0.99925, 0.03877, 0.00000, 0.00000, -0.03877, 0.99925, 0.00000, 0.00000, 0.00000, 0.00000, 1.00000, 0.00000, -9.04779, -1.07124, 0.00000, 1.00000 },
				{ 0.99925, 0.03877, 0.00000, 0.00000, -0.03877, 0.99925, 0.00000, 0.00000, 0.00000, 0.00000, 1.00000, 0.00000, -9.04779, 3.42876, 0.00000, 1.00000 },
				{ 0.99959, -0.02851, 0.00000, 0.00000, 0.02851, 0.99959, 0.00000, 0.00000, 0.00000, 0.00000, 1.00000, 0.00000, -10.36098, -1.07124, 0.00000, 1.00000 },
				{ 0.99959, -0.02851, 0.00000, 0.00000, 0.02851, 0.99959, 0.00000, 0.00000, 0.00000, 0.00000, 1.00000, 0.00000, -10.36098, 3.42876, 0.00000, 1.00000 },
				{ 0.99943, 0.03387, 0.00000, 0.00000, -0.03387, 0.99943, 0.00000, 0.00000, 0.00000, 0.00000, 1.00000, 0.00000, -11.68101, -1.07124, 0.00000, 1.00000 },
				{ 0.99943, 0.03387, 0.00000, 0.00000, -0.03387, 0.99943, 0.00000, 0.00000, 0.00000, 0.00000, 1.00000, 0.00000, -11.68101, 3.42876, 0.00000, 1.00000 },
				{ 0.99930, 0.03752, 0.00000, 0.00000, -0.03752, 0.99930, 0.00000, 0.00000, 0.00000, 0.00000, 1.00000, 0.00000, -12.93350, -1.07124, 0.00000, 1.00000 },
				{ 0.99930, 0.03752, 0.00000, 0.00000, -0.03752, 0.99930, 0.00000, 0.00000, 0.00000, 0.00000, 1.00000, 0.00000, -12.93350, 3.42876, 0.00000, 1.00000 },
				{ 0.99984, -0.01808, 0.00000, 0.00000, 0.01808, 0.99984, 0.00000, 0.00000, 0.00000, 0.00000, 1.00000, 0.00000, -14.22860, -1.07124, 0.00000, 1.00000 },
				{ 0.99984, -0.01808, 0.00000, 0.00000, 0.01808, 0.99984, 0.00000, 0.00000, 0.00000, 0.00000, 1.00000, 0.00000, -14.22860, 3.42876, 0.00000, 1.00000 },
				{ 0.99959, 0.02861, 0.00000, 0.00000, -0.02861, 0.99959, 0.00000, 0.00000, 0.00000, 0.00000, 1.00000, 0.00000, -15.58519, -1.07124, 0.00000, 1.00000 },
				{ 0.99959, 0.02861, 0.00000, 0.00000, -0.02861, 0.99959, 0.00000, 0.00000, 0.00000, 0.00000, 1.00000, 0.00000, -15.58519, 3.42876, 0.00000, 1.00000 },
				{ 0.99909, 0.04257, 0.00000, 0.00000, -0.04257, 0.99909, 0.00000, 0.00000, 0.00000, 0.00000, 1.00000, 0.00000, -9.02738, 0.46938, 0.00000, 1.00000 },
				{ 0.99960, 0.02819, 0.00000, 0.00000, -0.02819, 0.99960, 0.00000, 0.00000, 0.00000, 0.00000, 1.00000, 0.00000, -10.38960, 0.46938, 0.00000, 1.00000 },
				{ 0.99955, 0.03000, 0.00000, 0.00000, -0.03000, 0.99955, 0.00000, 0.00000, 0.00000, 0.00000, 1.00000, 0.00000, -11.62144, 0.46938, 0.00000, 1.00000 },
				{ 0.99983, -0.01834, 0.00000, 0.00000, 0.01834, 0.99983, 0.00000, 0.00000, 0.00000, 0.00000, 1.00000, 0.00000, -12.98333, 0.46938, 0.00000, 1.00000 },
				{ 0.99581, 0.09144, 0.00000, 0.00000, -0.09144, 0.99581, 0.00000, 0.00000, 0.00000, 0.00000, 1.00000, 0.00000, -14.29788, 0.46938, 0.00000, 1.00000 },
				{ 0.99950, 0.03167, 0.00000, 0.00000, -0.03167, 0.99950, 0.00000, 0.00000, 0.00000, 0.00000, 1.00000, 0.00000, -15.59459, 0.46938, 0.00000, 1.00000 },
				{ 0.99957, 0.02921, 0.00000, 0.00000, -0.02921, 0.99957, 0.00000, 0.00000, 0.00000, 0.00000, 1.00000, 0.00000, -9.07487, 2.01000, 0.00000, 1.00000 },
				{ 0.99949, 0.03181, 0.00000, 0.00000, -0.03181, 0.99949, 0.00000, 0.00000, 0.00000, 0.00000, 1.00000, 0.00000, -10.40066, 2.01000, 0.00000, 1.00000 },
				{ 0.99958, -0.02888, 0.00000, 0.00000, 0.02888, 0.99958, 0.00000, 0.00000, 0.00000, 0.00000, 1.00000, 0.00000, -11.63280, 2.01000, 0.00000, 1.00000 },
				{ 0.99949, 0.03189, 0.00000, 0.00000, -0.03189, 0.99949, 0.00000, 0.00000, 0.00000, 0.00000, 1.00000, 0.00000, -12.95095, 2.01000, 0.00000, 1.00000 },
				{ 0.99973, 0.02329, 0.00000, 0.00000, -0.02329, 0.99973, 0.00000, 0.00000, 0.00000, 0.00000, 1.00000, 0.00000, -14.26131, 2.01000, 0.00000, 1.00000 },
				{ 0.99664, 0.08194, 0.00000, 0.00000, -0.08194, 0.99664, 0.00000, 0.00000, 0.00000, 0.00000, 1.00000, 0.00000, -15.59354, 2.01000, 0.00000, 1.00000 },
			},
			["asset/industry/wooden_box_02.mdl"] = {
				{ 1.00000, 0.00000, 0.00000, 0.00000, 0.00000, 1.00000, 0.00000, 0.00000, 0.00000, 0.00000, 1.00000, 0.00000, -26.04459, 3.86000, 0.00000, 1.00000 },
				{ 0.99418, 0.10774, 0.00000, 0.00000, -0.10774, 0.99418, 0.00000, 0.00000, 0.00000, 0.00000, 1.00000, 0.00000, -26.04459, 3.86000, 0.98000, 1.00000 },
				{ 1.00000, 0.00000, 0.00000, 0.00000, 0.00000, 1.00000, 0.00000, 0.00000, 0.00000, 0.00000, 1.00000, 0.00000, -22.51287, -1.44780, 0.00000, 1.00000 },
				{ 1.00000, 0.00000, 0.00000, 0.00000, 0.00000, 1.00000, 0.00000, 0.00000, 0.00000, 0.00000, 1.00000, 0.00000, -23.66600, -1.44780, 0.00000, 1.00000 },
				{ 1.00000, 0.00000, 0.00000, 0.00000, 0.00000, 1.00000, 0.00000, 0.00000, 0.00000, 0.00000, 1.00000, 0.00000, -24.88736, -1.44780, 0.00000, 1.00000 },
				{ 1.00000, 0.00000, 0.00000, 0.00000, 0.00000, 1.00000, 0.00000, 0.00000, 0.00000, 0.00000, 1.00000, 0.00000, -26.00189, -1.44780, 0.00000, 1.00000 },
				{ 1.00000, 0.00000, 0.00000, 0.00000, 0.00000, 1.00000, 0.00000, 0.00000, 0.00000, 0.00000, 1.00000, 0.00000, -19.77737, -0.12085, 0.00000, 1.00000 },
				{ 1.00000, 0.00000, 0.00000, 0.00000, 0.00000, 1.00000, 0.00000, 0.00000, 0.00000, 0.00000, 1.00000, 0.00000, -21.40309, -0.12085, 0.00000, 1.00000 },
				{ 1.00000, 0.00000, 0.00000, 0.00000, 0.00000, 1.00000, 0.00000, 0.00000, 0.00000, 0.00000, 1.00000, 0.00000, -22.55435, -0.12085, 0.00000, 1.00000 },
				{ 1.00000, 0.00000, 0.00000, 0.00000, 0.00000, 1.00000, 0.00000, 0.00000, 0.00000, 0.00000, 1.00000, 0.00000, -23.66656, -0.12085, 0.00000, 1.00000 },
				{ 1.00000, 0.00000, 0.00000, 0.00000, 0.00000, 1.00000, 0.00000, 0.00000, 0.00000, 0.00000, 1.00000, 0.00000, -24.83741, -0.12085, 0.00000, 1.00000 },
				{ 0.99148, 0.13029, 0.00000, 0.00000, -0.13029, 0.99148, 0.00000, 0.00000, 0.00000, 0.00000, 1.00000, 0.00000, -24.83741, -0.12085, 0.98000, 1.00000 },
				{ 1.00000, 0.00000, 0.00000, 0.00000, 0.00000, 1.00000, 0.00000, 0.00000, 0.00000, 0.00000, 1.00000, 0.00000, -25.96628, -0.12085, 0.00000, 1.00000 },
				{ 0.99358, 0.11312, 0.00000, 0.00000, -0.11312, 0.99358, 0.00000, 0.00000, 0.00000, 0.00000, 1.00000, 0.00000, -25.96628, -0.12085, 0.98000, 1.00000 },
				{ 1.00000, 0.00000, 0.00000, 0.00000, 0.00000, 1.00000, 0.00000, 0.00000, 0.00000, 0.00000, 1.00000, 0.00000, -20.28070, 1.20610, 0.00000, 1.00000 },
				{ 1.00000, 0.00000, 0.00000, 0.00000, 0.00000, 1.00000, 0.00000, 0.00000, 0.00000, 0.00000, 1.00000, 0.00000, -21.37153, 1.20610, 0.00000, 1.00000 },
				{ 1.00000, 0.00000, 0.00000, 0.00000, 0.00000, 1.00000, 0.00000, 0.00000, 0.00000, 0.00000, 1.00000, 0.00000, -22.55361, 1.20610, 0.00000, 1.00000 },
				{ 1.00000, 0.00000, 0.00000, 0.00000, 0.00000, 1.00000, 0.00000, 0.00000, 0.00000, 0.00000, 1.00000, 0.00000, -23.66793, 1.20610, 0.00000, 1.00000 },
				{ 0.99318, 0.11657, 0.00000, 0.00000, -0.11657, 0.99318, 0.00000, 0.00000, 0.00000, 0.00000, 1.00000, 0.00000, -23.66793, 1.20610, 0.98000, 1.00000 },
				{ 1.00000, 0.00000, 0.00000, 0.00000, 0.00000, 1.00000, 0.00000, 0.00000, 0.00000, 0.00000, 1.00000, 0.00000, -24.89023, 1.20610, 0.00000, 1.00000 },
				{ 0.99643, 0.08444, 0.00000, 0.00000, -0.08444, 0.99643, 0.00000, 0.00000, 0.00000, 0.00000, 1.00000, 0.00000, -24.89023, 1.20610, 0.98000, 1.00000 },
				{ 1.00000, 0.00000, 0.00000, 0.00000, 0.00000, 1.00000, 0.00000, 0.00000, 0.00000, 0.00000, 1.00000, 0.00000, -26.03654, 1.20610, 0.00000, 1.00000 },
				{ 0.99022, 0.13950, 0.00000, 0.00000, -0.13950, 0.99022, 0.00000, 0.00000, 0.00000, 0.00000, 1.00000, 0.00000, -26.03654, 1.20610, 0.98000, 1.00000 },
				{ 1.00000, 0.00000, 0.00000, 0.00000, 0.00000, 1.00000, 0.00000, 0.00000, 0.00000, 0.00000, 1.00000, 0.00000, -20.22107, 2.53305, 0.00000, 1.00000 },
				{ 1.00000, 0.00000, 0.00000, 0.00000, 0.00000, 1.00000, 0.00000, 0.00000, 0.00000, 0.00000, 1.00000, 0.00000, -21.38960, 2.53305, 0.00000, 1.00000 },
				{ 1.00000, 0.00000, 0.00000, 0.00000, 0.00000, 1.00000, 0.00000, 0.00000, 0.00000, 0.00000, 1.00000, 0.00000, -22.56497, 2.53305, 0.00000, 1.00000 },
				{ 1.00000, 0.00000, 0.00000, 0.00000, 0.00000, 1.00000, 0.00000, 0.00000, 0.00000, 0.00000, 1.00000, 0.00000, -23.67281, 2.53305, 0.00000, 1.00000 },
				{ 0.99808, 0.06197, 0.00000, 0.00000, -0.06197, 0.99808, 0.00000, 0.00000, 0.00000, 0.00000, 1.00000, 0.00000, -23.67281, 2.53305, 0.98000, 1.00000 },
				{ 1.00000, 0.00000, 0.00000, 0.00000, 0.00000, 1.00000, 0.00000, 0.00000, 0.00000, 0.00000, 1.00000, 0.00000, -24.82325, 2.53305, 0.00000, 1.00000 },
				{ 0.98814, 0.15354, 0.00000, 0.00000, -0.15354, 0.98814, 0.00000, 0.00000, 0.00000, 0.00000, 1.00000, 0.00000, -24.82325, 2.53305, 0.98000, 1.00000 },
				{ 1.00000, 0.00000, 0.00000, 0.00000, 0.00000, 1.00000, 0.00000, 0.00000, 0.00000, 0.00000, 1.00000, 0.00000, -26.03519, 2.53305, 0.00000, 1.00000 },
				{ 0.99048, 0.13768, 0.00000, 0.00000, -0.13768, 0.99048, 0.00000, 0.00000, 0.00000, 0.00000, 1.00000, 0.00000, -26.03519, 2.53305, 0.98000, 1.00000 },
				{ 1.00000, 0.00000, 0.00000, 0.00000, 0.00000, 1.00000, 0.00000, 0.00000, 0.00000, 0.00000, 1.00000, 0.00000, -20.20066, 3.86000, 0.00000, 1.00000 },
				{ 1.00000, 0.00000, 0.00000, 0.00000, 0.00000, 1.00000, 0.00000, 0.00000, 0.00000, 0.00000, 1.00000, 0.00000, -21.41822, 3.86000, 0.00000, 1.00000 },
				{ 1.00000, 0.00000, 0.00000, 0.00000, 0.00000, 1.00000, 0.00000, 0.00000, 0.00000, 0.00000, 1.00000, 0.00000, -22.50540, 3.86000, 0.00000, 1.00000 },
				{ 1.00000, 0.00000, 0.00000, 0.00000, 0.00000, 1.00000, 0.00000, 0.00000, 0.00000, 0.00000, 1.00000, 0.00000, -23.72265, 3.86000, 0.00000, 1.00000 },
				{ 0.99606, 0.08873, 0.00000, 0.00000, -0.08873, 0.99606, 0.00000, 0.00000, 0.00000, 0.00000, 1.00000, 0.00000, -23.72265, 3.86000, 0.98000, 1.00000 },
				{ 1.00000, 0.00000, 0.00000, 0.00000, 0.00000, 1.00000, 0.00000, 0.00000, 0.00000, 0.00000, 1.00000, 0.00000, -24.89253, 3.86000, 0.00000, 1.00000 },
				{ 0.99471, 0.10274, 0.00000, 0.00000, -0.10274, 0.99471, 0.00000, 0.00000, 0.00000, 0.00000, 1.00000, 0.00000, -24.89253, 3.86000, 0.98000, 1.00000 },
				{ 0.98978, -0.14263, 0.00000, 0.00000, 0.14263, 0.98978, 0.00000, 0.00000, 0.00000, 0.00000, 1.00000, 0.00000, -21.37196, -1.44780, 0.00000, 1.00000 },
			},
			["asset/industry/wooden_box_04.mdl"] = {
				{ 0.99997, -0.00826, 0.00000, 0.00000, 0.00826, 0.99997, 0.00000, 0.00000, 0.00000, 0.00000, 1.00000, 0.00000, -22.29118, 20.22937, 0.00000, 1.00000 },
				{ 0.99997, -0.00826, 0.00000, 0.00000, 0.00826, 0.99997, 0.00000, 0.00000, 0.00000, 0.00000, 1.00000, 0.00000, -13.44118, 20.22937, 0.00000, 1.00000 },
				{ 0.99998, -0.00640, 0.00000, 0.00000, 0.00640, 0.99998, 0.00000, 0.00000, 0.00000, 0.00000, 1.00000, 0.00000, -24.51233, 20.22937, 0.00000, 1.00000 },
				{ 0.99998, -0.00640, 0.00000, 0.00000, 0.00640, 0.99998, 0.00000, 0.00000, 0.00000, 0.00000, 1.00000, 0.00000, -15.66233, 20.22937, 0.00000, 1.00000 },
				{ 0.99999, -0.00517, 0.00000, 0.00000, 0.00517, 0.99999, 0.00000, 0.00000, 0.00000, 0.00000, 1.00000, 0.00000, -26.84148, 20.22937, 0.00000, 1.00000 },
				{ 0.89024, -0.45549, 0.00000, 0.00000, 0.45549, 0.89024, 0.00000, 0.00000, 0.00000, 0.00000, 1.00000, 0.00000, -25.41148, 16.82937, 0.21000, 1.00000 },
				{ 0.99999, -0.00517, 0.00000, 0.00000, 0.00517, 0.99999, 0.00000, 0.00000, 0.00000, 0.00000, 1.00000, 0.00000, -17.99147, 20.22937, 0.00000, 1.00000 },
				{ 0.96813, 0.25044, 0.00000, 0.00000, -0.25044, 0.96813, 0.00000, 0.00000, 0.00000, 0.00000, 1.00000, 0.00000, -20.14148, 20.22937, 0.00000, 1.00000 },
				{ 0.99552, 0.09454, 0.00000, 0.00000, -0.09454, 0.99552, 0.00000, 0.00000, 0.00000, 0.00000, 1.00000, 0.00000, -20.06227, 22.85969, 0.00000, 1.00000 },
				{ 0.99552, 0.09454, 0.00000, 0.00000, -0.09454, 0.99552, 0.00000, 0.00000, 0.00000, 0.00000, 1.00000, 0.00000, -11.21227, 22.85969, 0.00000, 1.00000 },
				{ 0.99995, -0.00969, 0.00000, 0.00000, 0.00969, 0.99995, 0.00000, 0.00000, 0.00000, 0.00000, 1.00000, 0.00000, -22.26113, 22.85969, 0.00000, 1.00000 },
				{ 0.99995, -0.00969, 0.00000, 0.00000, 0.00969, 0.99995, 0.00000, 0.00000, 0.00000, 0.00000, 1.00000, 0.00000, -13.41113, 22.85969, 0.00000, 1.00000 },
				{ 0.99411, -0.10839, 0.00000, 0.00000, 0.10839, 0.99411, 0.00000, 0.00000, 0.00000, 0.00000, 1.00000, 0.00000, -24.53650, 22.85969, 0.00000, 1.00000 },
				{ 0.99411, -0.10839, 0.00000, 0.00000, 0.10839, 0.99411, 0.00000, 0.00000, 0.00000, 0.00000, 1.00000, 0.00000, -15.68650, 22.85969, 0.00000, 1.00000 },
				{ 0.99999, -0.00416, 0.00000, 0.00000, 0.00416, 0.99999, 0.00000, 0.00000, 0.00000, 0.00000, 1.00000, 0.00000, -26.81872, 22.85969, 0.00000, 1.00000 },
				{ 0.99999, -0.00416, 0.00000, 0.00000, 0.00416, 0.99999, 0.00000, 0.00000, 0.00000, 0.00000, 1.00000, 0.00000, -17.96872, 22.85969, 0.00000, 1.00000 },
				{ 0.99997, -0.00817, 0.00000, 0.00000, 0.00817, 0.99997, 0.00000, 0.00000, 0.00000, 0.00000, 1.00000, 0.00000, -20.00103, 25.49000, 0.00000, 1.00000 },
				{ 0.99997, -0.00817, 0.00000, 0.00000, 0.00817, 0.99997, 0.00000, 0.00000, 0.00000, 0.00000, 1.00000, 0.00000, -11.15104, 25.49000, 0.00000, 1.00000 },
				{ 0.99445, 0.10522, 0.00000, 0.00000, -0.10522, 0.99445, 0.00000, 0.00000, 0.00000, 0.00000, 1.00000, 0.00000, -22.25832, 25.49000, 0.00000, 1.00000 },
				{ 0.99445, 0.10522, 0.00000, 0.00000, -0.10522, 0.99445, 0.00000, 0.00000, 0.00000, 0.00000, 1.00000, 0.00000, -13.40832, 25.49000, 0.00000, 1.00000 },
				{ 0.99997, -0.00804, 0.00000, 0.00000, 0.00804, 0.99997, 0.00000, 0.00000, 0.00000, 0.00000, 1.00000, 0.00000, -24.57710, 25.49000, 0.00000, 1.00000 },
				{ 0.99997, -0.00804, 0.00000, 0.00000, 0.00804, 0.99997, 0.00000, 0.00000, 0.00000, 0.00000, 1.00000, 0.00000, -15.72710, 25.49000, 0.00000, 1.00000 },
				{ 0.99998, -0.00681, 0.00000, 0.00000, 0.00681, 0.99998, 0.00000, 0.00000, 0.00000, 0.00000, 1.00000, 0.00000, -26.75689, 25.49000, 0.00000, 1.00000 },
				{ 0.99998, -0.00681, 0.00000, 0.00000, 0.00681, 0.99998, 0.00000, 0.00000, 0.00000, 0.00000, 1.00000, 0.00000, -17.90689, 25.49000, 0.00000, 1.00000 },
			},
			["asset/roof/era_b_lamp_a_02.mdl"] = {
				{ -0.70711, -0.70711, 0.00000, 0.00000, 0.70711, -0.70711, 0.00000, 0.00000, 0.00000, 0.00000, 1.00000, 0.00000, 39.31631, -47.05099, 7.99000, 1.00000 },
				{ 0.00000, -1.00000, 0.00000, 0.00000, 1.00000, 0.00000, 0.00000, 0.00000, 0.00000, 0.00000, 1.00000, 0.00000, 39.31631, -40.80099, 7.99000, 1.00000 },
				{ -1.00000, -0.00000, 0.00000, 0.00000, 0.00000, -1.00000, -0.00000, 0.00000, 0.00000, -0.00000, 1.00000, 0.00000, 33.17631, -47.05099, 7.99000, 1.00000 },
				{ -1.00000, -0.00000, 0.00000, 0.00000, 0.00000, -1.00000, -0.00000, 0.00000, 0.00000, -0.00000, 1.00000, 0.00000, 26.90131, -47.05099, 7.99000, 1.00000 },
				{ -1.00000, -0.00000, 0.00000, 0.00000, 0.00000, -1.00000, -0.00000, 0.00000, 0.00000, -0.00000, 1.00000, 0.00000, 20.62632, -47.05099, 7.99000, 1.00000 },
				{ -1.00000, -0.00000, 0.00000, 0.00000, 0.00000, -1.00000, -0.00000, 0.00000, 0.00000, -0.00000, 1.00000, 0.00000, 14.35131, -47.05099, 7.99000, 1.00000 },
				{ -0.70711, 0.70711, 0.00000, 0.00000, -0.70711, -0.70711, -0.00000, 0.00000, 0.00000, -0.00000, 1.00000, 0.00000, 8.07632, -47.05099, 7.99000, 1.00000 },
				{ -0.00000, 1.00000, 0.00000, 0.00000, -1.00000, -0.00000, -0.00000, 0.00000, -0.00000, -0.00000, 1.00000, 0.00000, 8.07632, -40.79100, 7.99000, 1.00000 },
				{ -0.00000, 1.00000, 0.00000, 0.00000, -1.00000, -0.00000, -0.00000, 0.00000, -0.00000, -0.00000, 1.00000, 0.00000, 8.07632, -34.53100, 12.01000, 1.00000 },
				{ -0.00000, 1.00000, 0.00000, 0.00000, -1.00000, -0.00000, -0.00000, 0.00000, -0.00000, -0.00000, 1.00000, 0.00000, 8.07632, -28.27100, 12.01000, 1.00000 },
				{ -0.00000, 1.00000, 0.00000, 0.00000, -1.00000, -0.00000, -0.00000, 0.00000, -0.00000, -0.00000, 1.00000, 0.00000, 8.07632, -22.01100, 12.01000, 1.00000 },
				{ 0.70711, 0.70711, 0.00000, 0.00000, -0.70711, 0.70711, -0.00000, 0.00000, -0.00000, -0.00000, 1.00000, 0.00000, 8.07632, -15.75100, 12.01000, 1.00000 },
			},
			["asset/roof/rooflight1.mdl"] = {
				{ -0.00000, -1.50000, 0.00000, 0.00000, 1.50000, -0.00000, -0.00000, 0.00000, 0.00000, -0.00000, 1.50000, 0.00000, 25.70000, -43.92995, 7.99000, 1.00000 },
				{ -0.00000, -1.50000, 0.00000, 0.00000, 1.50000, -0.00000, -0.00000, 0.00000, 0.00000, -0.00000, 1.50000, 0.00000, 25.70000, -39.92995, 7.99000, 1.00000 },
				{ -0.00000, -1.50000, 0.00000, 0.00000, 1.50000, -0.00000, -0.00000, 0.00000, 0.00000, -0.00000, 1.50000, 0.00000, 29.71000, -43.92995, 7.99000, 1.00000 },
				{ -0.00000, -1.50000, 0.00000, 0.00000, 1.50000, -0.00000, -0.00000, 0.00000, 0.00000, -0.00000, 1.50000, 0.00000, 33.71000, -43.92995, 7.99000, 1.00000 },
				{ -0.00000, -1.50000, 0.00000, 0.00000, 1.50000, -0.00000, -0.00000, 0.00000, 0.00000, -0.00000, 1.50000, 0.00000, 29.71000, -39.92995, 7.99000, 1.00000 },
				{ -0.00000, -1.50000, 0.00000, 0.00000, 1.50000, -0.00000, -0.00000, 0.00000, 0.00000, -0.00000, 1.50000, 0.00000, 33.71000, -39.92995, 7.99000, 1.00000 },
			},
			["asset/roof/rooflight3.mdl"] = {
				{ 1.00000, 0.00000, 0.00000, 0.00000, -0.00000, 1.00000, 0.00000, 0.00000, 0.00000, 0.00000, 1.00000, 0.00000, 33.69926, -21.39990, 12.05000, 1.00000 },
				{ 1.00000, 0.00000, 0.00000, 0.00000, -0.00000, 1.00000, 0.00000, 0.00000, 0.00000, 0.00000, 1.00000, 0.00000, 33.69926, -29.39990, 12.05000, 1.00000 },
				{ 1.00000, 0.00000, 0.00000, 0.00000, -0.00000, 1.00000, 0.00000, 0.00000, 0.00000, 0.00000, 1.00000, 0.00000, 25.68094, -21.39990, 12.05000, 1.00000 },
				{ 1.00000, 0.00000, 0.00000, 0.00000, -0.00000, 1.00000, 0.00000, 0.00000, 0.00000, 0.00000, 1.00000, 0.00000, 25.68094, -29.39990, 12.05000, 1.00000 },
				{ 1.00000, 0.00000, 0.00000, 0.00000, -0.00000, 1.00000, 0.00000, 0.00000, 0.00000, 0.00000, 1.00000, 0.00000, 21.68094, -21.39990, 12.05000, 1.00000 },
				{ 1.00000, 0.00000, 0.00000, 0.00000, -0.00000, 1.00000, 0.00000, 0.00000, 0.00000, 0.00000, 1.00000, 0.00000, 21.68094, -29.39990, 12.05000, 1.00000 },
				{ 1.00000, 0.00000, 0.00000, 0.00000, -0.00000, 1.00000, 0.00000, 0.00000, 0.00000, 0.00000, 1.00000, 0.00000, 13.68094, -21.39990, 12.05000, 1.00000 },
				{ 1.00000, 0.00000, 0.00000, 0.00000, -0.00000, 1.00000, 0.00000, 0.00000, 0.00000, 0.00000, 1.00000, 0.00000, 13.68094, -29.39990, 12.05000, 1.00000 },
			},
			["asset/roof/ventilation_cube2.mdl"] = {
				{ 1.00000, 0.00000, -0.00000, 0.00000, -0.00000, 1.00000, 0.00000, 0.00000, 0.00000, -0.00000, 1.00000, 0.00000, 29.69927, -21.39990, 12.05000, 1.00000 },
				{ 1.00000, 0.00000, -0.00000, 0.00000, -0.00000, 1.00000, 0.00000, 0.00000, 0.00000, -0.00000, 1.00000, 0.00000, 17.68095, -21.39990, 12.05000, 1.00000 },
				{ 1.00000, 0.00000, -0.00000, 0.00000, -0.00000, 1.00000, 0.00000, 0.00000, 0.00000, -0.00000, 1.00000, 0.00000, 17.68095, -29.39990, 12.05000, 1.00000 },
				{ 1.00000, 0.00000, -0.00000, 0.00000, -0.00000, 1.00000, 0.00000, 0.00000, 0.00000, -0.00000, 1.00000, 0.00000, 33.70000, -37.15995, 8.00000, 1.00000 },
				{ 1.00000, 0.00000, -0.00000, 0.00000, -0.00000, 1.00000, 0.00000, 0.00000, 0.00000, -0.00000, 1.00000, 0.00000, 29.69927, -29.39990, 12.05000, 1.00000 },
			},
			["asset/roof/ventilation_end_curved.mdl"] = {
				{ 1.00000, 0.00000, -0.00000, 0.00000, -0.00000, 1.00000, 0.00000, 0.00000, 0.00000, -0.00000, 1.00000, 0.00000, 38.06369, -24.30074, 12.00000, 1.00000 },
				{ 1.00000, 0.00000, -0.00000, 0.00000, -0.00000, 1.00000, 0.00000, 0.00000, 0.00000, -0.00000, 1.00000, 0.00000, 38.06369, -26.50074, 12.00000, 1.00000 },
			},
			["asset/roof/ventilation_sphere1.mdl"] = {
				{ 0.70000, 0.00000, -0.00000, 0.00000, -0.00000, 0.70000, 0.00000, 0.00000, 0.00000, -0.00000, 0.70000, 0.00000, 25.68095, -25.39990, 12.05000, 1.00000 },
				{ 0.70000, 0.00000, -0.00000, 0.00000, -0.00000, 0.70000, 0.00000, 0.00000, 0.00000, -0.00000, 0.70000, 0.00000, 13.68095, -25.39990, 12.05000, 1.00000 },
				{ 0.70000, 0.00000, -0.00000, 0.00000, -0.00000, 0.70000, 0.00000, 0.00000, 0.00000, -0.00000, 0.70000, 0.00000, 21.69000, -41.55995, 8.00000, 1.00000 },
				{ 0.70000, 0.00000, -0.00000, 0.00000, -0.00000, 0.70000, 0.00000, 0.00000, 0.00000, -0.00000, 0.70000, 0.00000, 13.69000, -41.55995, 8.00000, 1.00000 },
				{ 0.70000, 0.00000, -0.00000, 0.00000, -0.00000, 0.70000, 0.00000, 0.00000, 0.00000, -0.00000, 0.70000, 0.00000, 33.69927, -25.39990, 12.05000, 1.00000 },
			},
			["industry/cargo/oil_big.mdl"] = {
				{ -0.00000, -1.00000, 0.00000, 0.00000, 1.00000, -0.00000, 0.00000, 0.00000, 0.00000, 0.00000, 1.00000, 0.00000, 11.55000, -67.70000, 0.00000, 1.00000 },
				{ -0.00000, -1.00000, 0.00000, 0.00000, 1.00000, -0.00000, 0.00000, 0.00000, 0.00000, 0.00000, 1.00000, 0.00000, 16.55000, -67.70000, 0.00000, 1.00000 },
			},
			["industry/common/stock_lane_1.mdl"] = {
				{ -0.02094, 0.99978, 0.00000, 0.00000, -0.99978, -0.02094, -0.00000, 0.00000, -0.00000, -0.00000, 1.00000, 0.00000, 59.42287, -16.52346, 0.00000, 1.00000 },
				{ -0.02443, 0.99970, 0.00000, 0.00000, -0.99970, -0.02443, -0.00000, 0.00000, -0.00000, -0.00000, 1.00000, 0.00000, 83.72049, -16.18418, 0.00000, 1.00000 },
				{ -0.01396, 0.99990, 0.00000, 0.00000, -0.99990, -0.01396, -0.00000, 0.00000, -0.00000, -0.00000, 1.00000, 0.00000, 83.57193, -5.59735, 0.00000, 1.00000 },
				{ -0.03490, 0.99939, 0.00000, 0.00000, -0.99939, -0.03490, -0.00000, 0.00000, -0.00000, -0.00000, 1.00000, 0.00000, 78.87097, -16.25190, 0.00000, 1.00000 },
				{ -0.01396, 0.99990, 0.00000, 0.00000, -0.99990, -0.01396, -0.00000, 0.00000, -0.00000, -0.00000, 1.00000, 0.00000, 78.72314, -5.73578, 0.00000, 1.00000 },
				{ 0.02443, 0.99970, 0.00000, 0.00000, -0.99970, 0.02443, -0.00000, 0.00000, -0.00000, -0.00000, 1.00000, 0.00000, 73.72656, -16.57038, 0.00000, 1.00000 },
				{ -0.01396, 0.99990, 0.00000, 0.00000, -0.99990, -0.01396, -0.00000, 0.00000, -0.00000, -0.00000, 1.00000, 0.00000, 73.92487, -5.34349, 0.00000, 1.00000 },
				{ -0.02792, 0.99961, 0.00000, 0.00000, -0.99961, -0.02792, -0.00000, 0.00000, -0.00000, -0.00000, 1.00000, 0.00000, 69.12192, -16.38802, 0.00000, 1.00000 },
				{ -0.00000, 1.00000, 0.00000, 0.00000, -1.00000, -0.00000, -0.00000, 0.00000, -0.00000, -0.00000, 1.00000, 0.00000, 68.97113, -5.58908, 0.00000, 1.00000 },
				{ -0.01396, 0.99990, 0.00000, 0.00000, -0.99990, -0.01396, -0.00000, 0.00000, -0.00000, -0.00000, 1.00000, 0.00000, 64.27239, -16.45575, 0.00000, 1.00000 },
				{ -0.01047, 0.99995, 0.00000, 0.00000, -0.99995, -0.01047, -0.00000, 0.00000, -0.00000, -0.00000, 1.00000, 0.00000, 64.12160, -5.65680, 0.00000, 1.00000 },
				{ 0.00349, 0.99999, 0.00000, 0.00000, -0.99999, 0.00349, -0.00000, 0.00000, -0.00000, -0.00000, 1.00000, 0.00000, 59.32207, -5.72382, 0.00000, 1.00000 },
			},
			["industry/food_processing_plant/era_a/fp_main_building_medium.mdl"] = {
				{ 1.00000, 0.00000, 0.00000, 0.00000, -0.00000, 1.00000, 0.00000, 0.00000, 0.00000, 0.00000, 1.00000, 0.00000, 23.70000, -31.49995, 0.00000, 1.00000 },
			},
			["industry/food_processing_plant/era_a/fp_street_markings_lvl1.mdl"] = {
				{ 1.00000, 0.00000, 0.00000, 0.00000, 0.00000, 1.00000, 0.00000, 0.00000, 0.00000, 0.00000, 1.00000, 0.00000, 0.00000, 0.00000, 0.00000, 1.00000 },
			},
			["station/air/asset/fence_metal.mdl"] = {
				{ 1.00000, 0.00000, 0.00000, 0.00000, 0.00000, 1.00000, 0.00000, 0.00000, 0.00000, 0.00000, 1.00000, 0.00000, -26.82000, 31.04000, 0.00000, 1.00000 },
				{ -0.00000, 1.00000, 0.00000, 0.00000, -1.00000, -0.00000, 0.00000, 0.00000, 0.00000, 0.00000, 1.00000, 0.00000, -31.00000, -73.50000, -0.00000, 1.00000 },
				{ -1.00000, 0.00000, -0.00000, 0.00000, -0.00000, -1.00000, 0.00000, 0.00000, -0.00000, 0.00000, 1.00000, 0.00000, -29.49800, -75.00000, -0.00000, 1.00000 },
				{ -1.00000, 0.00000, -0.00000, 0.00000, -0.00000, -1.00000, 0.00000, 0.00000, -0.00000, 0.00000, 1.00000, 0.00000, -26.49800, -75.00000, -0.00000, 1.00000 },
				{ -1.00000, 0.00000, -0.00000, 0.00000, -0.00000, -1.00000, 0.00000, 0.00000, -0.00000, 0.00000, 1.00000, 0.00000, -23.49800, -75.00000, -0.00000, 1.00000 },
				{ -1.00000, 0.00000, -0.00000, 0.00000, -0.00000, -1.00000, 0.00000, 0.00000, -0.00000, 0.00000, 1.00000, 0.00000, -20.49800, -75.00000, -0.00000, 1.00000 },
				{ -1.00000, 0.00000, -0.00000, 0.00000, -0.00000, -1.00000, 0.00000, 0.00000, -0.00000, 0.00000, 1.00000, 0.00000, -17.49800, -75.00000, -0.00000, 1.00000 },
				{ -1.00000, 0.00000, -0.00000, 0.00000, -0.00000, -1.00000, 0.00000, 0.00000, -0.00000, 0.00000, 1.00000, 0.00000, -14.49800, -75.00000, -0.00000, 1.00000 },
				{ -1.00000, 0.00000, -0.00000, 0.00000, -0.00000, -1.00000, 0.00000, 0.00000, -0.00000, 0.00000, 1.00000, 0.00000, -11.49800, -75.00000, -0.00000, 1.00000 },
				{ -1.00000, 0.00000, -0.00000, 0.00000, -0.00000, -1.00000, 0.00000, 0.00000, -0.00000, 0.00000, 1.00000, 0.00000, -8.49800, -75.00000, -0.00000, 1.00000 },
				{ -1.00000, 0.00000, -0.00000, 0.00000, -0.00000, -1.00000, 0.00000, 0.00000, -0.00000, 0.00000, 1.00000, 0.00000, -5.49800, -75.00000, -0.00000, 1.00000 },
				{ -1.00000, 0.00000, -0.00000, 0.00000, -0.00000, -1.00000, 0.00000, 0.00000, -0.00000, 0.00000, 1.00000, 0.00000, -2.49800, -75.00000, -0.00000, 1.00000 },
				{ -1.00000, 0.00000, -0.00000, 0.00000, -0.00000, -1.00000, 0.00000, 0.00000, -0.00000, 0.00000, 1.00000, 0.00000, 0.50200, -75.00000, -0.00000, 1.00000 },
				{ -1.00000, 0.00000, -0.00000, 0.00000, -0.00000, -1.00000, 0.00000, 0.00000, -0.00000, 0.00000, 1.00000, 0.00000, 3.50200, -75.00000, -0.00000, 1.00000 },
				{ -1.00000, 0.00000, -0.00000, 0.00000, -0.00000, -1.00000, 0.00000, 0.00000, -0.00000, 0.00000, 1.00000, 0.00000, 6.50200, -75.00000, -0.00000, 1.00000 },
				{ -1.00000, 0.00000, -0.00000, 0.00000, -0.00000, -1.00000, 0.00000, 0.00000, -0.00000, 0.00000, 1.00000, 0.00000, 9.50200, -75.00000, -0.00000, 1.00000 },
				{ -1.00000, 0.00000, -0.00000, 0.00000, -0.00000, -1.00000, 0.00000, 0.00000, -0.00000, 0.00000, 1.00000, 0.00000, 12.50200, -75.00000, -0.00000, 1.00000 },
				{ -1.00000, 0.00000, -0.00000, 0.00000, -0.00000, -1.00000, 0.00000, 0.00000, -0.00000, 0.00000, 1.00000, 0.00000, 42.50000, -75.00000, -0.00000, 1.00000 },
				{ -1.00000, 0.00000, -0.00000, 0.00000, -0.00000, -1.00000, 0.00000, 0.00000, -0.00000, 0.00000, 1.00000, 0.00000, 45.50000, -75.00000, -0.00000, 1.00000 },
				{ -1.00000, 0.00000, -0.00000, 0.00000, -0.00000, -1.00000, 0.00000, 0.00000, -0.00000, 0.00000, 1.00000, 0.00000, 48.50000, -75.00000, -0.00000, 1.00000 },
