local industryutil = require "industryutil"

--Begin Generated
local generatedData = {
	["static"] = {
		models = {
			["industry/lane.mdl"] = {
				{ 1.00000, 0.00000, 0.00000, 0.00000, 0.00000, 1.00000, 0.00000, 0.00000, 0.00000, 0.00000, 1.00000, 0.00000, 46.00000, -78.00000, 0.00000, 1.00000 },
				{ -0.00000, 1.00000, -0.00000, 0.00000, -1.00000, -0.00000, 0.00000, 0.00000, -0.00000, 0.00000, 1.00000, 0.00000, 54.00000, 25.00000, 0.00000, 1.00000 },
				{ -0.00000, 1.00000, -0.00000, 0.00000, -1.00000, -0.00000, 0.00000, 0.00000, -0.00000, 0.00000, 1.00000, 0.00000, 54.00000, 0.00000, 0.00000, 1.00000 },
				{ 1.00000, 0.00000, 0.00000, 0.00000, 0.00000, 1.00000, 0.00000, 0.00000, 0.00000, 0.00000, 1.00000, 0.00000, 46.00000, 76.00000, 0.00000, 1.00000 },
				{ 1.00000, 0.00000, 0.00000, 0.00000, 0.00000, 1.00000, 0.00000, 0.00000, 0.00000, 0.00000, 1.00000, 0.00000, -5.00000, 76.00000, 0.00000, 1.00000 },
				{ 1.00000, 0.00000, 0.00000, 0.00000, 0.00000, 1.00000, 0.00000, 0.00000, 0.00000, 0.00000, 1.00000, 0.00000, 0.00000, -78.00000, 0.00000, 1.00000 },
				{ -0.00000, 1.00000, -0.00000, 0.00000, -1.00000, -0.00000, 0.00000, 0.00000, -0.00000, 0.00000, 1.00000, 0.00000, -46.00000, -15.00000, 0.00000, 1.00000 },
				{ -0.00000, 1.00000, -0.00000, 0.00000, -1.00000, -0.00000, 0.00000, 0.00000, -0.00000, 0.00000, 1.00000, 0.00000, -46.00000, -50.00000, 0.00000, 1.00000 },
				{ -0.00000, 1.00000, -0.00000, 0.00000, -1.00000, -0.00000, 0.00000, 0.00000, -0.00000, 0.00000, 1.00000, 0.00000, 54.00000, -50.00000, 0.00000, 1.00000 },
				{ -0.00000, 1.00000, -0.00000, 0.00000, -1.00000, -0.00000, 0.00000, 0.00000, -0.00000, 0.00000, 1.00000, 0.00000, -46.00000, 25.00000, 0.00000, 1.00000 },
				{ -0.00000, 1.00000, -0.00000, 0.00000, -1.00000, -0.00000, 0.00000, 0.00000, -0.00000, 0.00000, 1.00000, 0.00000, -65.00000, 60.00000, 0.00000, 1.00000 },
				{ 1.00000, 0.00000, 0.00000, 0.00000, 0.00000, 1.00000, 0.00000, 0.00000, 0.00000, 0.00000, 1.00000, 0.00000, -56.00000, 76.00000, 0.00000, 1.00000 },
				{ 1.00000, 0.00000, 0.00000, 0.00000, 0.00000, 1.00000, 0.00000, 0.00000, 0.00000, 0.00000, 1.00000, 0.00000, -36.00000, -78.00000, 0.00000, 1.00000 },
			},
		},
		curves = {
			["collider"] = {
				{ { 54.00000, 76.00000, -5.00000 }, { 54.00000, -78.00000, -5.00000 }, { -46.00000, 76.00000, -5.00000 }, { -46.00000, -78.00000, -5.00000 }, { 54.00000, 76.00000, 20.00000 }, { -46.00000, 76.00000, 20.00000 }, { -46.00000, -78.00000, 20.00000 }, { 54.00000, -78.00000, 20.00000 }, },
				{ { -46.00000, 76.00000, -5.00000 }, { -46.00000, 42.00000, -5.00000 }, { -65.00000, 76.00000, -5.00000 }, { -65.00000, 42.00000, -5.00000 }, { -46.00000, 76.00000, 20.00000 }, { -65.00000, 76.00000, 20.00000 }, { -65.00000, 42.00000, 20.00000 }, { -46.00000, 42.00000, 20.00000 }, },
			},
			["ground_face"] = {
				{ { 61.00000, -78.00000, 5.00000 }, { 61.00000, -77.99998, 5.00000 }, { 61.00000, 75.99998, 5.00000 }, { 61.00000, 76.00000, 5.00000 }, { 60.99997, 76.00000, 5.00000 }, { -64.99998, 76.00000, 5.00000 }, { -65.00000, 76.00000, 5.00000 }, { -65.00000, 75.99998, 5.00000 }, { -65.00000, 42.00000, 5.00000 }, { -65.00000, 42.00000, 5.00000 }, { -65.00000, 42.00000, 5.00000 }, { -46.00000, 42.00000, 5.00000 }, { -46.00000, 42.00000, 5.00000 }, { -46.00000, 42.00000, 5.00000 }, { -46.00000, -78.00000, 5.00000 }, { -46.00000, -78.00000, 5.00000 }, },
			},
			["street"] = {
				{ { 64.50000, -85.00000, -0.00000 }, { 64.50000, 83.00000, -0.00000 }, },
			},
		},
		meshes = {
			["greater"] = {
				{ { { 59.00000, 42.07498, -2.00000 }, {59.00000, 73.49246, -2.00000 }, {54.00000, 42.00000, 0.00000 }, },{ { 59.00000, 73.49246, -2.00000 }, {54.00000, 73.00000, 0.00000 }, {54.00000, 42.00000, 0.00000 }, },{ { 58.48154, 76.09895, -2.00000 }, {53.77163, 74.14805, 0.00000 }, {59.00000, 73.49246, -2.00000 }, },{ { 53.77163, 74.14805, 0.00000 }, {54.00000, 73.00000, 0.00000 }, {59.00000, 73.49246, -2.00000 }, },{ { 58.48154, 76.09895, -2.00000 }, {56.72613, 78.72613, -2.00000 }, {53.77163, 74.14805, 0.00000 }, },{ { 56.72613, 78.72613, -2.00000 }, {53.12132, 75.12132, 0.00000 }, {53.77163, 74.14805, 0.00000 }, },{ { 54.09895, 80.48154, -2.00000 }, {52.14804, 75.77164, 0.00000 }, {56.72613, 78.72613, -2.00000 }, },{ { 52.14804, 75.77164, 0.00000 }, {53.12132, 75.12132, 0.00000 }, {56.72613, 78.72613, -2.00000 }, },{ { 54.09895, 80.48154, -2.00000 }, {51.49246, 81.00000, -2.00000 }, {52.14804, 75.77164, 0.00000 }, },{ { 51.49246, 81.00000, -2.00000 }, {51.00000, 76.00000, 0.00000 }, {52.14804, 75.77164, 0.00000 }, },{ { 51.49246, 81.00000, -2.00000 }, {-45.77984, 81.00000, -2.00000 }, {51.00000, 76.00000, 0.00000 }, },{ { -45.77984, 81.00000, -2.00000 }, {-46.00000, 76.00000, 0.00000 }, {51.00000, 76.00000, 0.00000 }, },{ { -45.77984, 81.00000, -2.00000 }, {-62.00000, 81.00000, -2.00000 }, {-46.00000, 76.00000, 0.00000 }, },{ { -62.00000, 81.00000, -2.00000 }, {-62.00000, 76.00000, 0.00000 }, {-46.00000, 76.00000, 0.00000 }, },{ { -65.09895, 80.48153, -2.00000 }, {-63.14804, 75.77164, 0.00000 }, {-62.00000, 81.00000, -2.00000 }, },{ { -63.14804, 75.77164, 0.00000 }, {-62.00000, 76.00000, 0.00000 }, {-62.00000, 81.00000, -2.00000 }, },{ { -67.72612, 78.72613, -2.00000 }, {-64.12132, 75.12132, 0.00000 }, {-65.09895, 80.48153, -2.00000 }, },{ { -64.12132, 75.12132, 0.00000 }, {-63.14804, 75.77164, 0.00000 }, {-65.09895, 80.48153, -2.00000 }, },{ { -67.72612, 78.72613, -2.00000 }, {-69.48154, 76.09895, -2.00000 }, {-64.12132, 75.12132, 0.00000 }, },{ { -69.48154, 76.09895, -2.00000 }, {-64.77164, 74.14805, 0.00000 }, {-64.12132, 75.12132, 0.00000 }, },{ { -69.48154, 76.09895, -2.00000 }, {-70.00000, 73.49246, -2.00000 }, {-64.77164, 74.14805, 0.00000 }, },{ { -70.00000, 73.49246, -2.00000 }, {-65.00000, 73.00000, 0.00000 }, {-64.77164, 74.14805, 0.00000 }, },{ { -70.00000, 73.49246, -2.00000 }, {-70.00000, 44.50754, -2.00000 }, {-65.00000, 73.00000, 0.00000 }, },{ { -70.00000, 44.50754, -2.00000 }, {-65.00000, 45.00000, 0.00000 }, {-65.00000, 73.00000, 0.00000 }, },{ { -69.48154, 41.90104, -2.00000 }, {-64.77164, 43.85195, 0.00000 }, {-70.00000, 44.50754, -2.00000 }, },{ { -64.77164, 43.85195, 0.00000 }, {-65.00000, 45.00000, 0.00000 }, {-70.00000, 44.50754, -2.00000 }, },{ { -67.72612, 39.27388, -2.00000 }, {-64.12132, 42.87868, 0.00000 }, {-69.48154, 41.90104, -2.00000 }, },{ { -64.12132, 42.87868, 0.00000 }, {-64.77164, 43.85195, 0.00000 }, {-69.48154, 41.90104, -2.00000 }, },{ { -67.72612, 39.27388, -2.00000 }, {-65.09895, 37.51847, -2.00000 }, {-64.12132, 42.87868, 0.00000 }, },{ { -65.09895, 37.51847, -2.00000 }, {-63.14804, 42.22836, 0.00000 }, {-64.12132, 42.87868, 0.00000 }, },{ { -65.09895, 37.51847, -2.00000 }, {-62.00000, 37.00000, -2.00000 }, {-63.14804, 42.22836, 0.00000 }, },{ { -62.00000, 37.00000, -2.00000 }, {-62.00000, 42.00000, 0.00000 }, {-63.14804, 42.22836, 0.00000 }, },{ { -62.00000, 42.00000, 0.00000 }, {-62.00000, 37.00000, -2.00000 }, {-49.00000, 42.00000, 0.00000 }, },{ { -62.00000, 37.00000, -2.00000 }, {-56.27574, 37.00000, -2.00000 }, {-49.00000, 42.00000, 0.00000 }, },{ { -56.27574, 37.00000, -2.00000 }, {-53.45000, 36.80000, -2.00000 }, {-49.00000, 42.00000, 0.00000 }, },{ { -53.45000, 36.80000, -2.00000 }, {-47.34254, 41.58820, 0.00000 }, {-49.00000, 42.00000, 0.00000 }, },{ { -53.45000, 36.80000, -2.00000 }, {-51.57713, 36.12286, -2.00000 }, {-47.34254, 41.58820, 0.00000 }, },{ { -51.57713, 36.12286, -2.00000 }, {-46.80000, 41.20000, 0.00000 }, {-47.34254, 41.58820, 0.00000 }, },{ { -51.20000, 33.95000, -2.00000 }, {-46.41180, 40.65746, 0.00000 }, {-51.57713, 36.12286, -2.00000 }, },{ { -46.41180, 40.65746, 0.00000 }, {-46.80000, 41.20000, 0.00000 }, {-51.57713, 36.12286, -2.00000 }, },{ { -51.00000, 31.52323, -2.00000 }, {-46.00000, 39.00000, 0.00000 }, {-51.20000, 33.95000, -2.00000 }, },{ { -46.00000, 39.00000, 0.00000 }, {-46.41180, 40.65746, 0.00000 }, {-51.20000, 33.95000, -2.00000 }, },{ { -46.00000, 39.00000, 0.00000 }, {-51.00000, 31.52323, -2.00000 }, {-46.00000, -75.00000, 0.00000 }, },{ { -51.00000, 31.52323, -2.00000 }, {-51.00000, -75.00000, -2.00000 }, {-46.00000, -75.00000, 0.00000 }, },{ { -50.48154, -78.09895, -2.00000 }, {-45.77163, -76.14805, 0.00000 }, {-51.00000, -75.00000, -2.00000 }, },{ { -45.77163, -76.14805, 0.00000 }, {-46.00000, -75.00000, 0.00000 }, {-51.00000, -75.00000, -2.00000 }, },{ { -48.72612, -80.72613, -2.00000 }, {-45.12132, -77.12132, 0.00000 }, {-50.48154, -78.09895, -2.00000 }, },{ { -45.12132, -77.12132, 0.00000 }, {-45.77163, -76.14805, 0.00000 }, {-50.48154, -78.09895, -2.00000 }, },{ { -46.09895, -82.48153, -2.00000 }, {-44.14804, -77.77164, 0.00000 }, {-48.72612, -80.72613, -2.00000 }, },{ { -44.14804, -77.77164, 0.00000 }, {-45.12132, -77.12132, 0.00000 }, {-48.72612, -80.72613, -2.00000 }, },{ { -46.09895, -82.48153, -2.00000 }, {-43.49246, -83.00000, -2.00000 }, {-44.14804, -77.77164, 0.00000 }, },{ { -43.49246, -83.00000, -2.00000 }, {-43.00000, -78.00000, 0.00000 }, {-44.14804, -77.77164, 0.00000 }, },{ { -43.49246, -83.00000, -2.00000 }, {51.49246, -83.00000, -2.00000 }, {-43.00000, -78.00000, 0.00000 }, },{ { 51.49246, -83.00000, -2.00000 }, {51.00000, -78.00000, 0.00000 }, {-43.00000, -78.00000, 0.00000 }, },{ { 54.09895, -82.48153, -2.00000 }, {52.14804, -77.77164, 0.00000 }, {51.49246, -83.00000, -2.00000 }, },{ { 52.14804, -77.77164, 0.00000 }, {51.00000, -78.00000, 0.00000 }, {51.49246, -83.00000, -2.00000 }, },{ { 54.09895, -82.48153, -2.00000 }, {56.72613, -80.72613, -2.00000 }, {52.14804, -77.77164, 0.00000 }, },{ { 56.72613, -80.72613, -2.00000 }, {53.12132, -77.12132, 0.00000 }, {52.14804, -77.77164, 0.00000 }, },{ { 58.48154, -78.09895, -2.00000 }, {53.77163, -76.14805, 0.00000 }, {56.72613, -80.72613, -2.00000 }, },{ { 53.77163, -76.14805, 0.00000 }, {53.12132, -77.12132, 0.00000 }, {56.72613, -80.72613, -2.00000 }, },{ { 58.48154, -78.09895, -2.00000 }, {59.00000, -75.00000, -2.00000 }, {53.77163, -76.14805, 0.00000 }, },{ { 59.00000, -75.00000, -2.00000 }, {54.00000, -75.00000, 0.00000 }, {53.77163, -76.14805, 0.00000 }, },{ { 59.00000, -75.00000, -2.00000 }, {59.00000, 42.07498, -2.00000 }, {54.00000, -75.00000, 0.00000 }, },{ { 59.00000, 42.07498, -2.00000 }, {54.00000, 42.00000, 0.00000 }, {54.00000, -75.00000, 0.00000 }, },{ { 59.00000, 42.07498, -2.00000 }, {69.00000, 42.22495, -10.00000 }, {59.00000, 73.49246, -2.00000 }, },{ { 69.00000, 42.22495, -10.00000 }, {69.00000, 74.47739, -10.00000 }, {59.00000, 73.49246, -2.00000 }, },{ { 59.00000, 73.49246, -2.00000 }, {69.00000, 74.47739, -10.00000 }, {58.48154, 76.09895, -2.00000 }, },{ { 69.00000, 74.47739, -10.00000 }, {67.90133, 80.00074, -10.00000 }, {58.48154, 76.09895, -2.00000 }, },{ { 58.48154, 76.09895, -2.00000 }, {67.90133, 80.00074, -10.00000 }, {56.72613, 78.72613, -2.00000 }, },{ { 67.90133, 80.00074, -10.00000 }, {63.93573, 85.93573, -10.00000 }, {56.72613, 78.72613, -2.00000 }, },{ { 56.72613, 78.72613, -2.00000 }, {63.93573, 85.93573, -10.00000 }, {54.09895, 80.48154, -2.00000 }, },{ { 63.93573, 85.93573, -10.00000 }, {58.00074, 89.90133, -10.00000 }, {54.09895, 80.48154, -2.00000 }, },{ { 54.09895, 80.48154, -2.00000 }, {58.00074, 89.90133, -10.00000 }, {51.49246, 81.00000, -2.00000 }, },{ { 58.00074, 89.90133, -10.00000 }, {52.47739, 91.00000, -10.00000 }, {51.49246, 81.00000, -2.00000 }, },{ { 51.49246, 81.00000, -2.00000 }, {52.47739, 91.00000, -10.00000 }, {-45.77984, 81.00000, -2.00000 }, },{ { 52.47739, 91.00000, -10.00000 }, {-45.33952, 91.00000, -10.00000 }, {-45.77984, 81.00000, -2.00000 }, },{ { -45.77984, 81.00000, -2.00000 }, {-45.33952, 91.00000, -10.00000 }, {-62.00000, 81.00000, -2.00000 }, },{ { -45.33952, 91.00000, -10.00000 }, {-62.00000, 91.00000, -10.00000 }, {-62.00000, 81.00000, -2.00000 }, },{ { -62.00000, 81.00000, -2.00000 }, {-62.00000, 91.00000, -10.00000 }, {-65.09895, 80.48153, -2.00000 }, },{ { -62.00000, 91.00000, -10.00000 }, {-69.00075, 89.90131, -10.00000 }, {-65.09895, 80.48153, -2.00000 }, },{ { -65.09895, 80.48153, -2.00000 }, {-69.00075, 89.90131, -10.00000 }, {-67.72612, 78.72613, -2.00000 }, },{ { -69.00075, 89.90131, -10.00000 }, {-74.93571, 85.93573, -10.00000 }, {-67.72612, 78.72613, -2.00000 }, },{ { -67.72612, 78.72613, -2.00000 }, {-74.93571, 85.93573, -10.00000 }, {-69.48154, 76.09895, -2.00000 }, },{ { -74.93571, 85.93573, -10.00000 }, {-78.90132, 80.00076, -10.00000 }, {-69.48154, 76.09895, -2.00000 }, },{ { -69.48154, 76.09895, -2.00000 }, {-78.90132, 80.00076, -10.00000 }, {-70.00000, 73.49246, -2.00000 }, },{ { -78.90132, 80.00076, -10.00000 }, {-80.00000, 74.47739, -10.00000 }, {-70.00000, 73.49246, -2.00000 }, },{ { -70.00000, 73.49246, -2.00000 }, {-80.00000, 74.47739, -10.00000 }, {-70.00000, 44.50754, -2.00000 }, },{ { -80.00000, 74.47739, -10.00000 }, {-80.00000, 43.52261, -10.00000 }, {-70.00000, 44.50754, -2.00000 }, },{ { -70.00000, 44.50754, -2.00000 }, {-80.00000, 43.52261, -10.00000 }, {-69.48154, 41.90104, -2.00000 }, },{ { -80.00000, 43.52261, -10.00000 }, {-78.90132, 37.99924, -10.00000 }, {-69.48154, 41.90104, -2.00000 }, },{ { -69.48154, 41.90104, -2.00000 }, {-78.90132, 37.99924, -10.00000 }, {-67.72612, 39.27388, -2.00000 }, },{ { -78.90132, 37.99924, -10.00000 }, {-74.93571, 32.06428, -10.00000 }, {-67.72612, 39.27388, -2.00000 }, },{ { -67.72612, 39.27388, -2.00000 }, {-74.93571, 32.06428, -10.00000 }, {-65.09895, 37.51847, -2.00000 }, },{ { -74.93571, 32.06428, -10.00000 }, {-69.00076, 28.09868, -10.00000 }, {-65.09895, 37.51847, -2.00000 }, },{ { -65.09895, 37.51847, -2.00000 }, {-69.00076, 28.09868, -10.00000 }, {-62.00000, 37.00000, -2.00000 }, },{ { -69.00076, 28.09868, -10.00000 }, {-62.00000, 27.00000, -10.00000 }, {-62.00000, 37.00000, -2.00000 }, },{ { -62.00000, 37.00000, -2.00000 }, {-62.00000, 27.00000, -10.00000 }, {-56.27574, 37.00000, -2.00000 }, },{ { -56.27574, 37.00000, -2.00000 }, {-62.00000, 27.00000, -10.00000 }, {-53.45000, 36.80000, -2.00000 }, },{ { -62.00000, 27.00000, -10.00000 }, {-62.00000, 26.00000, -10.00000 }, {-53.45000, 36.80000, -2.00000 }, },{ { -53.45000, 36.80000, -2.00000 }, {-62.00000, 26.00000, -10.00000 }, {-51.57713, 36.12286, -2.00000 }, },{ { -51.57713, 36.12286, -2.00000 }, {-62.00000, 26.00000, -10.00000 }, {-51.20000, 33.95000, -2.00000 }, },{ { -51.20000, 33.95000, -2.00000 }, {-62.00000, 26.00000, -10.00000 }, {-51.00000, 31.52323, -2.00000 }, },{ { -51.00000, 31.52323, -2.00000 }, {-62.00000, 26.00000, -10.00000 }, {-51.00000, -75.00000, -2.00000 }, },{ { -62.00000, 26.00000, -10.00000 }, {-61.00000, -75.00000, -10.00000 }, {-51.00000, -75.00000, -2.00000 }, },{ { -51.00000, -75.00000, -2.00000 }, {-61.00000, -75.00000, -10.00000 }, {-50.48154, -78.09895, -2.00000 }, },{ { -61.00000, -75.00000, -10.00000 }, {-59.90133, -82.00074, -10.00000 }, {-50.48154, -78.09895, -2.00000 }, },{ { -50.48154, -78.09895, -2.00000 }, {-59.90133, -82.00074, -10.00000 }, {-48.72612, -80.72613, -2.00000 }, },{ { -59.90133, -82.00074, -10.00000 }, {-55.93571, -87.93574, -10.00000 }, {-48.72612, -80.72613, -2.00000 }, },{ { -48.72612, -80.72613, -2.00000 }, {-55.93571, -87.93574, -10.00000 }, {-46.09895, -82.48153, -2.00000 }, },{ { -55.93571, -87.93574, -10.00000 }, {-50.00075, -91.90133, -10.00000 }, {-46.09895, -82.48153, -2.00000 }, },{ { -46.09895, -82.48153, -2.00000 }, {-50.00075, -91.90133, -10.00000 }, {-43.49246, -83.00000, -2.00000 }, },{ { -50.00075, -91.90133, -10.00000 }, {-44.47738, -93.00000, -10.00000 }, {-43.49246, -83.00000, -2.00000 }, },{ { -43.49246, -83.00000, -2.00000 }, {-44.47738, -93.00000, -10.00000 }, {51.49246, -83.00000, -2.00000 }, },{ { -44.47738, -93.00000, -10.00000 }, {52.47739, -93.00000, -10.00000 }, {51.49246, -83.00000, -2.00000 }, },{ { 51.49246, -83.00000, -2.00000 }, {52.47739, -93.00000, -10.00000 }, {54.09895, -82.48153, -2.00000 }, },{ { 52.47739, -93.00000, -10.00000 }, {58.00074, -91.90133, -10.00000 }, {54.09895, -82.48153, -2.00000 }, },{ { 54.09895, -82.48153, -2.00000 }, {58.00074, -91.90133, -10.00000 }, {56.72613, -80.72613, -2.00000 }, },{ { 58.00074, -91.90133, -10.00000 }, {63.93573, -87.93573, -10.00000 }, {56.72613, -80.72613, -2.00000 }, },{ { 56.72613, -80.72613, -2.00000 }, {63.93573, -87.93573, -10.00000 }, {58.48154, -78.09895, -2.00000 }, },{ { 63.93573, -87.93573, -10.00000 }, {67.90133, -82.00074, -10.00000 }, {58.48154, -78.09895, -2.00000 }, },{ { 58.48154, -78.09895, -2.00000 }, {67.90133, -82.00074, -10.00000 }, {59.00000, -75.00000, -2.00000 }, },{ { 67.90133, -82.00074, -10.00000 }, {69.00000, -75.00000, -10.00000 }, {59.00000, -75.00000, -2.00000 }, },{ { 59.00000, -75.00000, -2.00000 }, {69.00000, -75.00000, -10.00000 }, {59.00000, 42.07498, -2.00000 }, },{ { 69.00000, -75.00000, -10.00000 }, {69.00000, 42.22495, -10.00000 }, {59.00000, 42.07498, -2.00000 }, },},
			},
			["less"] = {
				{ { { 59.00000, 42.07498, 2.00000 }, {59.00000, 73.49246, 2.00000 }, {54.00000, 42.00000, 0.00000 }, },{ { 59.00000, 73.49246, 2.00000 }, {54.00000, 73.00000, 0.00000 }, {54.00000, 42.00000, 0.00000 }, },{ { 58.48154, 76.09895, 2.00000 }, {53.77163, 74.14805, 0.00000 }, {59.00000, 73.49246, 2.00000 }, },{ { 53.77163, 74.14805, 0.00000 }, {54.00000, 73.00000, 0.00000 }, {59.00000, 73.49246, 2.00000 }, },{ { 58.48154, 76.09895, 2.00000 }, {56.72613, 78.72613, 2.00000 }, {53.77163, 74.14805, 0.00000 }, },{ { 56.72613, 78.72613, 2.00000 }, {53.12132, 75.12132, 0.00000 }, {53.77163, 74.14805, 0.00000 }, },{ { 54.09895, 80.48154, 2.00000 }, {52.14804, 75.77164, 0.00000 }, {56.72613, 78.72613, 2.00000 }, },{ { 52.14804, 75.77164, 0.00000 }, {53.12132, 75.12132, 0.00000 }, {56.72613, 78.72613, 2.00000 }, },{ { 54.09895, 80.48154, 2.00000 }, {51.49246, 81.00000, 2.00000 }, {52.14804, 75.77164, 0.00000 }, },{ { 51.49246, 81.00000, 2.00000 }, {51.00000, 76.00000, 0.00000 }, {52.14804, 75.77164, 0.00000 }, },{ { 51.49246, 81.00000, 2.00000 }, {-45.77984, 81.00000, 2.00000 }, {51.00000, 76.00000, 0.00000 }, },{ { -45.77984, 81.00000, 2.00000 }, {-46.00000, 76.00000, 0.00000 }, {51.00000, 76.00000, 0.00000 }, },{ { -45.77984, 81.00000, 2.00000 }, {-62.00000, 81.00000, 2.00000 }, {-46.00000, 76.00000, 0.00000 }, },{ { -62.00000, 81.00000, 2.00000 }, {-62.00000, 76.00000, 0.00000 }, {-46.00000, 76.00000, 0.00000 }, },{ { -65.09895, 80.48153, 2.00000 }, {-63.14804, 75.77164, 0.00000 }, {-62.00000, 81.00000, 2.00000 }, },{ { -63.14804, 75.77164, 0.00000 }, {-62.00000, 76.00000, 0.00000 }, {-62.00000, 81.00000, 2.00000 }, },{ { -67.72612, 78.72613, 2.00000 }, {-64.12132, 75.12132, 0.00000 }, {-65.09895, 80.48153, 2.00000 }, },{ { -64.12132, 75.12132, 0.00000 }, {-63.14804, 75.77164, 0.00000 }, {-65.09895, 80.48153, 2.00000 }, },{ { -67.72612, 78.72613, 2.00000 }, {-69.48154, 76.09895, 2.00000 }, {-64.12132, 75.12132, 0.00000 }, },{ { -69.48154, 76.09895, 2.00000 }, {-64.77164, 74.14805, 0.00000 }, {-64.12132, 75.12132, 0.00000 }, },{ { -69.48154, 76.09895, 2.00000 }, {-70.00000, 73.49246, 2.00000 }, {-64.77164, 74.14805, 0.00000 }, },{ { -70.00000, 73.49246, 2.00000 }, {-65.00000, 73.00000, 0.00000 }, {-64.77164, 74.14805, 0.00000 }, },{ { -70.00000, 73.49246, 2.00000 }, {-70.00000, 44.50754, 2.00000 }, {-65.00000, 73.00000, 0.00000 }, },{ { -70.00000, 44.50754, 2.00000 }, {-65.00000, 45.00000, 0.00000 }, {-65.00000, 73.00000, 0.00000 }, },{ { -69.48154, 41.90104, 2.00000 }, {-64.77164, 43.85195, 0.00000 }, {-70.00000, 44.50754, 2.00000 }, },{ { -64.77164, 43.85195, 0.00000 }, {-65.00000, 45.00000, 0.00000 }, {-70.00000, 44.50754, 2.00000 }, },{ { -67.72612, 39.27388, 2.00000 }, {-64.12132, 42.87868, 0.00000 }, {-69.48154, 41.90104, 2.00000 }, },{ { -64.12132, 42.87868, 0.00000 }, {-64.77164, 43.85195, 0.00000 }, {-69.48154, 41.90104, 2.00000 }, },{ { -67.72612, 39.27388, 2.00000 }, {-65.09895, 37.51847, 2.00000 }, {-64.12132, 42.87868, 0.00000 }, },{ { -65.09895, 37.51847, 2.00000 }, {-63.14804, 42.22836, 0.00000 }, {-64.12132, 42.87868, 0.00000 }, },{ { -65.09895, 37.51847, 2.00000 }, {-62.00000, 37.00000, 2.00000 }, {-63.14804, 42.22836, 0.00000 }, },{ { -62.00000, 37.00000, 2.00000 }, {-62.00000, 42.00000, 0.00000 }, {-63.14804, 42.22836, 0.00000 }, },{ { -62.00000, 42.00000, 0.00000 }, {-62.00000, 37.00000, 2.00000 }, {-49.00000, 42.00000, 0.00000 }, },{ { -62.00000, 37.00000, 2.00000 }, {-56.27574, 37.00000, 2.00000 }, {-49.00000, 42.00000, 0.00000 }, },{ { -56.27574, 37.00000, 2.00000 }, {-53.45000, 36.80000, 2.00000 }, {-49.00000, 42.00000, 0.00000 }, },{ { -53.45000, 36.80000, 2.00000 }, {-47.34254, 41.58820, 0.00000 }, {-49.00000, 42.00000, 0.00000 }, },{ { -53.45000, 36.80000, 2.00000 }, {-51.57713, 36.12286, 2.00000 }, {-47.34254, 41.58820, 0.00000 }, },{ { -51.57713, 36.12286, 2.00000 }, {-46.80000, 41.20000, 0.00000 }, {-47.34254, 41.58820, 0.00000 }, },{ { -51.20000, 33.95000, 2.00000 }, {-46.41180, 40.65746, 0.00000 }, {-51.57713, 36.12286, 2.00000 }, },{ { -46.41180, 40.65746, 0.00000 }, {-46.80000, 41.20000, 0.00000 }, {-51.57713, 36.12286, 2.00000 }, },{ { -51.00000, 31.52323, 2.00000 }, {-46.00000, 39.00000, 0.00000 }, {-51.20000, 33.95000, 2.00000 }, },{ { -46.00000, 39.00000, 0.00000 }, {-46.41180, 40.65746, 0.00000 }, {-51.20000, 33.95000, 2.00000 }, },{ { -46.00000, 39.00000, 0.00000 }, {-51.00000, 31.52323, 2.00000 }, {-46.00000, -75.00000, 0.00000 }, },{ { -51.00000, 31.52323, 2.00000 }, {-51.00000, -75.00000, 2.00000 }, {-46.00000, -75.00000, 0.00000 }, },{ { -50.48154, -78.09895, 2.00000 }, {-45.77163, -76.14805, 0.00000 }, {-51.00000, -75.00000, 2.00000 }, },{ { -45.77163, -76.14805, 0.00000 }, {-46.00000, -75.00000, 0.00000 }, {-51.00000, -75.00000, 2.00000 }, },{ { -48.72612, -80.72613, 2.00000 }, {-45.12132, -77.12132, 0.00000 }, {-50.48154, -78.09895, 2.00000 }, },{ { -45.12132, -77.12132, 0.00000 }, {-45.77163, -76.14805, 0.00000 }, {-50.48154, -78.09895, 2.00000 }, },{ { -46.09895, -82.48153, 2.00000 }, {-44.14804, -77.77164, 0.00000 }, {-48.72612, -80.72613, 2.00000 }, },{ { -44.14804, -77.77164, 0.00000 }, {-45.12132, -77.12132, 0.00000 }, {-48.72612, -80.72613, 2.00000 }, },{ { -46.09895, -82.48153, 2.00000 }, {-43.49246, -83.00000, 2.00000 }, {-44.14804, -77.77164, 0.00000 }, },{ { -43.49246, -83.00000, 2.00000 }, {-43.00000, -78.00000, 0.00000 }, {-44.14804, -77.77164, 0.00000 }, },{ { -43.49246, -83.00000, 2.00000 }, {51.49246, -83.00000, 2.00000 }, {-43.00000, -78.00000, 0.00000 }, },{ { 51.49246, -83.00000, 2.00000 }, {51.00000, -78.00000, 0.00000 }, {-43.00000, -78.00000, 0.00000 }, },{ { 54.09895, -82.48153, 2.00000 }, {52.14804, -77.77164, 0.00000 }, {51.49246, -83.00000, 2.00000 }, },{ { 52.14804, -77.77164, 0.00000 }, {51.00000, -78.00000, 0.00000 }, {51.49246, -83.00000, 2.00000 }, },{ { 54.09895, -82.48153, 2.00000 }, {56.72613, -80.72613, 2.00000 }, {52.14804, -77.77164, 0.00000 }, },{ { 56.72613, -80.72613, 2.00000 }, {53.12132, -77.12132, 0.00000 }, {52.14804, -77.77164, 0.00000 }, },{ { 58.48154, -78.09895, 2.00000 }, {53.77163, -76.14805, 0.00000 }, {56.72613, -80.72613, 2.00000 }, },{ { 53.77163, -76.14805, 0.00000 }, {53.12132, -77.12132, 0.00000 }, {56.72613, -80.72613, 2.00000 }, },{ { 58.48154, -78.09895, 2.00000 }, {59.00000, -75.00000, 2.00000 }, {53.77163, -76.14805, 0.00000 }, },{ { 59.00000, -75.00000, 2.00000 }, {54.00000, -75.00000, 0.00000 }, {53.77163, -76.14805, 0.00000 }, },{ { 59.00000, -75.00000, 2.00000 }, {59.00000, 42.07498, 2.00000 }, {54.00000, -75.00000, 0.00000 }, },{ { 59.00000, 42.07498, 2.00000 }, {54.00000, 42.00000, 0.00000 }, {54.00000, -75.00000, 0.00000 }, },{ { 59.00000, 42.07498, 2.00000 }, {69.00000, 42.22495, 10.00000 }, {59.00000, 73.49246, 2.00000 }, },{ { 69.00000, 42.22495, 10.00000 }, {69.00000, 74.47739, 10.00000 }, {59.00000, 73.49246, 2.00000 }, },{ { 59.00000, 73.49246, 2.00000 }, {69.00000, 74.47739, 10.00000 }, {58.48154, 76.09895, 2.00000 }, },{ { 69.00000, 74.47739, 10.00000 }, {67.90133, 80.00074, 10.00000 }, {58.48154, 76.09895, 2.00000 }, },{ { 58.48154, 76.09895, 2.00000 }, {67.90133, 80.00074, 10.00000 }, {56.72613, 78.72613, 2.00000 }, },{ { 67.90133, 80.00074, 10.00000 }, {63.93573, 85.93573, 10.00000 }, {56.72613, 78.72613, 2.00000 }, },{ { 56.72613, 78.72613, 2.00000 }, {63.93573, 85.93573, 10.00000 }, {54.09895, 80.48154, 2.00000 }, },{ { 63.93573, 85.93573, 10.00000 }, {58.00074, 89.90133, 10.00000 }, {54.09895, 80.48154, 2.00000 }, },{ { 54.09895, 80.48154, 2.00000 }, {58.00074, 89.90133, 10.00000 }, {51.49246, 81.00000, 2.00000 }, },{ { 58.00074, 89.90133, 10.00000 }, {52.47739, 91.00000, 10.00000 }, {51.49246, 81.00000, 2.00000 }, },{ { 51.49246, 81.00000, 2.00000 }, {52.47739, 91.00000, 10.00000 }, {-45.77984, 81.00000, 2.00000 }, },{ { 52.47739, 91.00000, 10.00000 }, {-45.33952, 91.00000, 10.00000 }, {-45.77984, 81.00000, 2.00000 }, },{ { -45.77984, 81.00000, 2.00000 }, {-45.33952, 91.00000, 10.00000 }, {-62.00000, 81.00000, 2.00000 }, },{ { -45.33952, 91.00000, 10.00000 }, {-62.00000, 91.00000, 10.00000 }, {-62.00000, 81.00000, 2.00000 }, },{ { -62.00000, 81.00000, 2.00000 }, {-62.00000, 91.00000, 10.00000 }, {-65.09895, 80.48153, 2.00000 }, },{ { -62.00000, 91.00000, 10.00000 }, {-69.00075, 89.90131, 10.00000 }, {-65.09895, 80.48153, 2.00000 }, },{ { -65.09895, 80.48153, 2.00000 }, {-69.00075, 89.90131, 10.00000 }, {-67.72612, 78.72613, 2.00000 }, },{ { -69.00075, 89.90131, 10.00000 }, {-74.93571, 85.93573, 10.00000 }, {-67.72612, 78.72613, 2.00000 }, },{ { -67.72612, 78.72613, 2.00000 }, {-74.93571, 85.93573, 10.00000 }, {-69.48154, 76.09895, 2.00000 }, },{ { -74.93571, 85.93573, 10.00000 }, {-78.90132, 80.00076, 10.00000 }, {-69.48154, 76.09895, 2.00000 }, },{ { -69.48154, 76.09895, 2.00000 }, {-78.90132, 80.00076, 10.00000 }, {-70.00000, 73.49246, 2.00000 }, },{ { -78.90132, 80.00076, 10.00000 }, {-80.00000, 74.47739, 10.00000 }, {-70.00000, 73.49246, 2.00000 }, },{ { -70.00000, 73.49246, 2.00000 }, {-80.00000, 74.47739, 10.00000 }, {-70.00000, 44.50754, 2.00000 }, },{ { -80.00000, 74.47739, 10.00000 }, {-80.00000, 43.52261, 10.00000 }, {-70.00000, 44.50754, 2.00000 }, },{ { -70.00000, 44.50754, 2.00000 }, {-80.00000, 43.52261, 10.00000 }, {-69.48154, 41.90104, 2.00000 }, },{ { -80.00000, 43.52261, 10.00000 }, {-78.90132, 37.99924, 10.00000 }, {-69.48154, 41.90104, 2.00000 }, },{ { -69.48154, 41.90104, 2.00000 }, {-78.90132, 37.99924, 10.00000 }, {-67.72612, 39.27388, 2.00000 }, },{ { -78.90132, 37.99924, 10.00000 }, {-74.93571, 32.06428, 10.00000 }, {-67.72612, 39.27388, 2.00000 }, },{ { -67.72612, 39.27388, 2.00000 }, {-74.93571, 32.06428, 10.00000 }, {-65.09895, 37.51847, 2.00000 }, },{ { -74.93571, 32.06428, 10.00000 }, {-69.00076, 28.09868, 10.00000 }, {-65.09895, 37.51847, 2.00000 }, },{ { -65.09895, 37.51847, 2.00000 }, {-69.00076, 28.09868, 10.00000 }, {-62.00000, 37.00000, 2.00000 }, },{ { -69.00076, 28.09868, 10.00000 }, {-62.00000, 27.00000, 10.00000 }, {-62.00000, 37.00000, 2.00000 }, },{ { -62.00000, 37.00000, 2.00000 }, {-62.00000, 27.00000, 10.00000 }, {-56.27574, 37.00000, 2.00000 }, },{ { -56.27574, 37.00000, 2.00000 }, {-62.00000, 27.00000, 10.00000 }, {-53.45000, 36.80000, 2.00000 }, },{ { -62.00000, 27.00000, 10.00000 }, {-62.00000, 26.00000, 10.00000 }, {-53.45000, 36.80000, 2.00000 }, },{ { -53.45000, 36.80000, 2.00000 }, {-62.00000, 26.00000, 10.00000 }, {-51.57713, 36.12286, 2.00000 }, },{ { -51.57713, 36.12286, 2.00000 }, {-62.00000, 26.00000, 10.00000 }, {-51.20000, 33.95000, 2.00000 }, },{ { -51.20000, 33.95000, 2.00000 }, {-62.00000, 26.00000, 10.00000 }, {-51.00000, 31.52323, 2.00000 }, },{ { -51.00000, 31.52323, 2.00000 }, {-62.00000, 26.00000, 10.00000 }, {-51.00000, -75.00000, 2.00000 }, },{ { -62.00000, 26.00000, 10.00000 }, {-61.00000, -75.00000, 10.00000 }, {-51.00000, -75.00000, 2.00000 }, },{ { -51.00000, -75.00000, 2.00000 }, {-61.00000, -75.00000, 10.00000 }, {-50.48154, -78.09895, 2.00000 }, },{ { -61.00000, -75.00000, 10.00000 }, {-59.90133, -82.00074, 10.00000 }, {-50.48154, -78.09895, 2.00000 }, },{ { -50.48154, -78.09895, 2.00000 }, {-59.90133, -82.00074, 10.00000 }, {-48.72612, -80.72613, 2.00000 }, },{ { -59.90133, -82.00074, 10.00000 }, {-55.93571, -87.93574, 10.00000 }, {-48.72612, -80.72613, 2.00000 }, },{ { -48.72612, -80.72613, 2.00000 }, {-55.93571, -87.93574, 10.00000 }, {-46.09895, -82.48153, 2.00000 }, },{ { -55.93571, -87.93574, 10.00000 }, {-50.00075, -91.90133, 10.00000 }, {-46.09895, -82.48153, 2.00000 }, },{ { -46.09895, -82.48153, 2.00000 }, {-50.00075, -91.90133, 10.00000 }, {-43.49246, -83.00000, 2.00000 }, },{ { -50.00075, -91.90133, 10.00000 }, {-44.47738, -93.00000, 10.00000 }, {-43.49246, -83.00000, 2.00000 }, },{ { -43.49246, -83.00000, 2.00000 }, {-44.47738, -93.00000, 10.00000 }, {51.49246, -83.00000, 2.00000 }, },{ { -44.47738, -93.00000, 10.00000 }, {52.47739, -93.00000, 10.00000 }, {51.49246, -83.00000, 2.00000 }, },{ { 51.49246, -83.00000, 2.00000 }, {52.47739, -93.00000, 10.00000 }, {54.09895, -82.48153, 2.00000 }, },{ { 52.47739, -93.00000, 10.00000 }, {58.00074, -91.90133, 10.00000 }, {54.09895, -82.48153, 2.00000 }, },{ { 54.09895, -82.48153, 2.00000 }, {58.00074, -91.90133, 10.00000 }, {56.72613, -80.72613, 2.00000 }, },{ { 58.00074, -91.90133, 10.00000 }, {63.93573, -87.93573, 10.00000 }, {56.72613, -80.72613, 2.00000 }, },{ { 56.72613, -80.72613, 2.00000 }, {63.93573, -87.93573, 10.00000 }, {58.48154, -78.09895, 2.00000 }, },{ { 63.93573, -87.93573, 10.00000 }, {67.90133, -82.00074, 10.00000 }, {58.48154, -78.09895, 2.00000 }, },{ { 58.48154, -78.09895, 2.00000 }, {67.90133, -82.00074, 10.00000 }, {59.00000, -75.00000, 2.00000 }, },{ { 67.90133, -82.00074, 10.00000 }, {69.00000, -75.00000, 10.00000 }, {59.00000, -75.00000, 2.00000 }, },{ { 59.00000, -75.00000, 2.00000 }, {69.00000, -75.00000, 10.00000 }, {59.00000, 42.07498, 2.00000 }, },{ { 69.00000, -75.00000, 10.00000 }, {69.00000, 42.22495, 10.00000 }, {59.00000, 42.07498, 2.00000 }, },},
			},
		},
	},
	["level1"] = {
		models = {
			["asset/ground/barrel_steel.mdl"] = {
				{ 0.72103, 0.69290, 0.00000, 0.00000, -0.69290, 0.72103, 0.00000, 0.00000, -0.00000, -0.00000, 1.00000, 0.00000, -40.16914, -7.00488, -0.00000, 1.00000 },
				{ 0.72103, 0.69290, 0.00000, 0.00000, -0.69290, 0.72103, 0.00000, 0.00000, -0.00000, -0.00000, 1.00000, 0.00000, -40.16914, -5.77958, -0.00000, 1.00000 },
				{ 0.74444, 0.66769, 0.00000, 0.00000, -0.66769, 0.74444, 0.00000, 0.00000, -0.00000, -0.00000, 1.00000, 0.00000, -39.28250, -7.02386, -0.00000, 1.00000 },
				{ 0.18187, 0.98332, 0.00000, 0.00000, -0.98332, 0.18187, 0.00000, 0.00000, -0.00000, -0.00000, 1.00000, 0.00000, -38.35573, -7.03278, -0.00000, 1.00000 },
				{ -0.28821, 0.95757, -0.00000, 0.00000, -0.95757, -0.28821, 0.00000, 0.00000, -0.00000, 0.00000, 1.00000, 0.00000, -37.41453, -7.02627, -0.00000, 1.00000 },
				{ 0.03333, 0.99944, 0.00000, 0.00000, -0.99944, 0.03333, 0.00000, 0.00000, -0.00000, -0.00000, 1.00000, 0.00000, -40.23261, -8.00082, -0.00000, 1.00000 },
				{ 0.45891, 0.88848, 0.00000, 0.00000, -0.88848, 0.45891, 0.00000, 0.00000, -0.00000, -0.00000, 1.00000, 0.00000, -39.27726, -7.98643, -0.00000, 1.00000 },
				{ 0.35819, 0.93365, 0.00000, 0.00000, -0.93365, 0.35819, 0.00000, 0.00000, -0.00000, -0.00000, 1.00000, 0.00000, -38.45171, -8.01652, -0.00000, 1.00000 },
				{ 0.35819, 0.93365, 0.00000, 0.00000, -0.93365, 0.35819, 0.00000, 0.00000, -0.00000, -0.00000, 1.00000, 0.00000, -38.45171, -6.08860, -0.00000, 1.00000 },
				{ 0.05238, 0.99863, 0.00000, 0.00000, -0.99863, 0.05238, 0.00000, 0.00000, -0.00000, -0.00000, 1.00000, 0.00000, -37.55021, -7.99960, -0.00000, 1.00000 },
				{ -0.28232, 0.95932, -0.00000, 0.00000, -0.95932, -0.28232, 0.00000, 0.00000, -0.00000, 0.00000, 1.00000, 0.00000, -40.21569, -8.97343, -0.00000, 1.00000 },
				{ -0.05023, 0.99874, -0.00000, 0.00000, -0.99874, -0.05023, 0.00000, 0.00000, -0.00000, 0.00000, 1.00000, 0.00000, -39.19348, -9.03205, -0.00000, 1.00000 },
				{ 0.87504, 0.48404, 0.00000, 0.00000, -0.48404, 0.87504, 0.00000, 0.00000, -0.00000, -0.00000, 1.00000, 0.00000, -38.41212, -9.03995, -0.00000, 1.00000 },
				{ 0.31116, 0.95036, 0.00000, 0.00000, -0.95036, 0.31116, 0.00000, 0.00000, -0.00000, -0.00000, 1.00000, 0.00000, -37.38931, -8.97212, -0.00000, 1.00000 },
				{ 0.47857, 0.87805, 0.00000, 0.00000, -0.87805, 0.47857, 0.00000, 0.00000, -0.00000, -0.00000, 1.00000, 0.00000, -40.23430, -9.97319, -0.00000, 1.00000 },
				{ 0.21447, 0.97673, 0.00000, 0.00000, -0.97673, 0.21447, 0.00000, 0.00000, -0.00000, -0.00000, 1.00000, 0.00000, -39.22192, -10.01329, -0.00000, 1.00000 },
				{ 0.25671, 0.96649, 0.00000, 0.00000, -0.96649, 0.25671, 0.00000, 0.00000, -0.00000, -0.00000, 1.00000, 0.00000, -38.32341, -10.03919, -0.00000, 1.00000 },
				{ 0.28976, 0.95710, 0.00000, 0.00000, -0.95710, 0.28976, 0.00000, 0.00000, -0.00000, -0.00000, 1.00000, 0.00000, -37.50379, -10.04011, -0.00000, 1.00000 },
				{ 0.17445, 0.98467, 0.00000, 0.00000, -0.98467, 0.17445, 0.00000, 0.00000, -0.00000, -0.00000, 1.00000, 0.00000, -40.15912, -10.99527, -0.00000, 1.00000 },
				{ -0.08003, 0.99679, -0.00000, 0.00000, -0.99679, -0.08003, 0.00000, 0.00000, -0.00000, 0.00000, 1.00000, 0.00000, -39.22712, -10.97746, -0.00000, 1.00000 },
				{ -0.35795, 0.93374, -0.00000, 0.00000, -0.93374, -0.35795, 0.00000, 0.00000, -0.00000, 0.00000, 1.00000, 0.00000, -38.43679, -11.00682, -0.00000, 1.00000 },
				{ -0.34673, 0.93796, -0.00000, 0.00000, -0.93796, -0.34673, 0.00000, 0.00000, -0.00000, 0.00000, 1.00000, 0.00000, -37.54594, -10.99003, -0.00000, 1.00000 },
				{ 0.17964, 0.98373, 0.00000, 0.00000, -0.98373, 0.17964, 0.00000, 0.00000, -0.00000, -0.00000, 1.00000, 0.00000, -40.11436, -11.96821, -0.00000, 1.00000 },
				{ -0.16939, 0.98555, -0.00000, 0.00000, -0.98555, -0.16939, 0.00000, 0.00000, -0.00000, 0.00000, 1.00000, 0.00000, -39.28276, -11.97046, -0.00000, 1.00000 },
				{ -0.01824, 0.99983, -0.00000, 0.00000, -0.99983, -0.01824, 0.00000, 0.00000, -0.00000, 0.00000, 1.00000, 0.00000, -38.32565, -12.02037, -0.00000, 1.00000 },
				{ 0.15311, 0.98821, 0.00000, 0.00000, -0.98821, 0.15311, 0.00000, 0.00000, -0.00000, -0.00000, 1.00000, 0.00000, -37.53753, -11.98053, -0.00000, 1.00000 },
				{ 0.59981, 0.80014, 0.00000, 0.00000, -0.80014, 0.59981, 0.00000, 0.00000, -0.00000, -0.00000, 1.00000, 0.00000, -40.10669, -12.99754, -0.00000, 1.00000 },
				{ 0.17310, 0.98490, 0.00000, 0.00000, -0.98490, 0.17310, 0.00000, 0.00000, -0.00000, -0.00000, 1.00000, 0.00000, -39.24813, -13.00995, -0.00000, 1.00000 },
				{ 0.59598, 0.80300, 0.00000, 0.00000, -0.80300, 0.59598, 0.00000, 0.00000, -0.00000, -0.00000, 1.00000, 0.00000, -38.31184, -12.99246, -0.00000, 1.00000 },
				{ 0.87656, 0.48130, 0.00000, 0.00000, -0.48130, 0.87656, 0.00000, 0.00000, -0.00000, -0.00000, 1.00000, 0.00000, -37.48413, -12.97245, -0.00000, 1.00000 },
				{ 0.39306, 0.91951, 0.00000, 0.00000, -0.91951, 0.39306, 0.00000, 0.00000, -0.00000, -0.00000, 1.00000, 0.00000, -40.18409, -14.03386, -0.00000, 1.00000 },
				{ -0.10190, 0.99479, -0.00000, 0.00000, -0.99479, -0.10190, 0.00000, 0.00000, -0.00000, 0.00000, 1.00000, 0.00000, -39.29432, -14.01734, -0.00000, 1.00000 },
				{ 0.32978, 0.94406, 0.00000, 0.00000, -0.94406, 0.32978, 0.00000, 0.00000, -0.00000, -0.00000, 1.00000, 0.00000, -38.37264, -13.97142, -0.00000, 1.00000 },
				{ 0.23222, 0.97266, 0.00000, 0.00000, -0.97266, 0.23222, 0.00000, 0.00000, -0.00000, -0.00000, 1.00000, 0.00000, -37.54063, -13.98425, -0.00000, 1.00000 },
				{ -0.20487, 0.97879, -0.00000, 0.00000, -0.97879, -0.20487, 0.00000, 0.00000, -0.00000, 0.00000, 1.00000, 0.00000, -40.11080, -14.96506, -0.00000, 1.00000 },
				{ -0.55290, 0.83325, -0.00000, 0.00000, -0.83325, -0.55290, 0.00000, 0.00000, -0.00000, 0.00000, 1.00000, 0.00000, -39.20730, -14.99841, -0.00000, 1.00000 },
				{ 0.13231, 0.99121, 0.00000, 0.00000, -0.99121, 0.13231, 0.00000, 0.00000, -0.00000, -0.00000, 1.00000, 0.00000, -38.32646, -14.99601, -0.00000, 1.00000 },
				{ 0.62237, 0.78272, 0.00000, 0.00000, -0.78272, 0.62237, 0.00000, 0.00000, -0.00000, -0.00000, 1.00000, 0.00000, -37.48322, -15.03177, -0.00000, 1.00000 },
			},
			["asset/ground/container_big_steel.mdl"] = {
				{ 0.99619, -0.08716, 0.00000, 0.00000, 0.08716, 0.99619, 0.00000, 0.00000, 0.00000, 0.00000, 1.00000, 0.00000, 28.00000, -19.00000, -0.00000, 1.00000 },
				{ 1.00000, 0.00000, 0.00000, 0.00000, 0.00000, 1.00000, 0.00000, 0.00000, 0.00000, 0.00000, 1.00000, 0.00000, 31.55000, -18.60000, -0.00000, 1.00000 },
				{ 0.99540, 0.09585, 0.00000, 0.00000, -0.09585, 0.99540, 0.00000, 0.00000, 0.00000, 0.00000, 1.00000, 0.00000, 35.55000, -18.60000, -0.00000, 1.00000 },
			},
			["asset/ground/container_wood.mdl"] = {
				{ 0.00000, 1.00000, -0.00000, 0.00000, -1.00000, 0.00000, -0.00000, 0.00000, 0.00000, 0.00000, 1.00000, 0.00000, 14.10000, -59.38000, -0.00000, 1.00000 },
				{ 0.00000, 1.00000, -0.00000, 0.00000, -1.00000, 0.00000, -0.00000, 0.00000, 0.00000, 0.00000, 1.00000, 0.00000, 14.08000, -56.70000, -0.00000, 1.00000 },
			},
			["asset/industry/cardboard_box_01.mdl"] = {
				{ 1.00000, 0.00000, 0.00000, 0.00000, 0.00000, 1.00000, 0.00000, 0.00000, 0.00000, 0.00000, 1.00000, 0.00000, 43.55000, -5.30000, -0.00000, 1.00000 },
				{ 1.00000, 0.00000, 0.00000, 0.00000, 0.00000, 1.00000, 0.00000, 0.00000, 0.00000, 0.00000, 1.00000, 0.00000, 43.84000, -6.46000, 0.54000, 1.00000 },
			},
			["asset/industry/cardboard_box_02.mdl"] = {
				{ 1.00000, 0.00000, 0.00000, 0.00000, 0.00000, 1.00000, 0.00000, 0.00000, 0.00000, 0.00000, 1.00000, 0.00000, 44.20772, -6.80000, -0.00000, 1.00000 },
			},
			["asset/industry/pallet_01.mdl"] = {
				{ 1.00000, 0.00000, 0.00000, 0.00000, 0.00000, 1.00000, 0.00000, 0.00000, 0.00000, 0.00000, 1.00000, 0.00000, -5.40000, -20.58618, -0.00000, 1.00000 },
				{ 1.00000, 0.00000, 0.00000, 0.00000, 0.00000, 1.00000, 0.00000, 0.00000, 0.00000, 0.00000, 1.00000, 0.00000, -4.00000, 31.40000, -0.00000, 1.00000 },
				{ 0.98325, -0.18224, 0.00000, 0.00000, 0.18224, 0.98325, 0.00000, 0.00000, 0.00000, 0.00000, 1.00000, 0.00000, -14.30000, -57.30000, -0.00000, 1.00000 },
				{ 1.00000, 0.00000, 0.00000, 0.00000, 0.00000, 1.00000, 0.00000, 0.00000, 0.00000, 0.00000, 1.00000, 0.00000, -6.00000, 31.60000, -0.00000, 1.00000 },
				{ -0.84339, 0.53730, -0.00000, 0.00000, -0.13906, -0.21829, 0.96593, 0.00000, 0.51899, 0.81465, 0.25882, 0.00000, -4.72000, -20.10000, 0.60000, 1.00000 },
				{ 0.99144, 0.13053, 0.00000, 0.00000, -0.13053, 0.99144, 0.00000, 0.00000, 0.00000, 0.00000, 1.00000, 0.00000, -5.40000, -20.58618, 0.43500, 1.00000 },
				{ 0.99144, 0.13053, 0.00000, 0.00000, -0.13053, 0.99144, 0.00000, 0.00000, 0.00000, 0.00000, 1.00000, 0.00000, -4.00000, 31.40000, 0.43500, 1.00000 },
				{ 1.00000, 0.00000, 0.00000, 0.00000, 0.00000, 1.00000, 0.00000, 0.00000, 0.00000, 0.00000, 1.00000, 0.00000, -5.40000, -20.58618, 0.14500, 1.00000 },
				{ 1.00000, 0.00000, 0.00000, 0.00000, 0.00000, 1.00000, 0.00000, 0.00000, 0.00000, 0.00000, 1.00000, 0.00000, -4.00000, 31.40000, 0.14500, 1.00000 },
				{ 0.98325, -0.18224, 0.00000, 0.00000, 0.18224, 0.98325, 0.00000, 0.00000, 0.00000, 0.00000, 1.00000, 0.00000, -14.30000, -57.30000, 0.14500, 1.00000 },
				{ 0.99996, 0.00873, 0.00000, 0.00000, -0.00873, 0.99996, 0.00000, 0.00000, 0.00000, 0.00000, 1.00000, 0.00000, -5.40000, -20.58618, 0.58000, 1.00000 },
				{ 1.00000, 0.00000, 0.00000, 0.00000, 0.00000, 1.00000, 0.00000, 0.00000, 0.00000, 0.00000, 1.00000, 0.00000, -5.40000, -20.58618, 0.29000, 1.00000 },
				{ 1.00000, 0.00000, 0.00000, 0.00000, 0.00000, 1.00000, 0.00000, 0.00000, 0.00000, 0.00000, 1.00000, 0.00000, -4.00000, 31.40000, 0.29000, 1.00000 },
				{ 0.99996, 0.00873, 0.00000, 0.00000, -0.00873, 0.99996, 0.00000, 0.00000, 0.00000, 0.00000, 1.00000, 0.00000, -5.40000, -20.58618, 0.72500, 1.00000 },
			},
			["asset/industry/wooden_box_02.mdl"] = {
				{ 0.98629, 0.16505, 0.00000, 0.00000, -0.16505, 0.98629, 0.00000, 0.00000, 0.00000, 0.00000, 1.00000, 0.00000, -5.45000, -25.45000, -0.00000, 1.00000 },
