local industryutil = require "industryutil"

--Begin Generated
local generatedData = {
	["level1"] = {
		models = {
			["asset/ground/barrel_steel.mdl"] = {
				{ 1.00000, 0.00000, 0.00000, 0.00000, 0.00000, 1.00000, 0.00000, 0.00000, 0.00000, 0.00000, 1.00000, 0.00000, -58.67352, -62.45611, -0.00000, 1.00000, },
				{ 1.00000, 0.00000, 0.00000, 0.00000, 0.00000, 1.00000, 0.00000, 0.00000, 0.00000, 0.00000, 1.00000, 0.00000, -57.34351, -62.37401, -0.00000, 1.00000, },
				{ 1.00000, 0.00000, 0.00000, 0.00000, 0.00000, 1.00000, 0.00000, 0.00000, 0.00000, 0.00000, 1.00000, 0.00000, -55.84351, -62.35122, -0.00000, 1.00000, },
				{ 1.00000, 0.00000, 0.00000, 0.00000, 0.00000, 1.00000, 0.00000, 0.00000, 0.00000, 0.00000, 1.00000, 0.00000, -54.01352, -62.21779, -0.00000, 1.00000, },
				{ -0.00000, 0.00000, -1.00000, 0.00000, -0.32887, 0.94438, 0.00000, 0.00000, 0.94438, 0.32887, -0.00000, 0.00000, -52.65351, -62.48428, 0.53000, 1.00000, },
				{ 1.00000, 0.00000, 0.00000, 0.00000, 0.00000, 1.00000, 0.00000, 0.00000, 0.00000, 0.00000, 1.00000, 0.00000, -58.67352, -61.22451, -0.00000, 1.00000, },
				{ 1.00000, 0.00000, 0.00000, 0.00000, 0.00000, 1.00000, 0.00000, 0.00000, 0.00000, 0.00000, 1.00000, 0.00000, -57.34351, -60.94162, -0.00000, 1.00000, },
				{ 1.00000, 0.00000, 0.00000, 0.00000, 0.00000, 1.00000, 0.00000, 0.00000, 0.00000, 0.00000, 1.00000, 0.00000, -55.84351, -61.15073, -0.00000, 1.00000, },
				{ 1.00000, 0.00000, 0.00000, 0.00000, 0.00000, 1.00000, 0.00000, 0.00000, 0.00000, 0.00000, 1.00000, 0.00000, -54.01352, -61.21586, -0.00000, 1.00000, },
				{ 1.00000, 0.00000, 0.00000, 0.00000, 0.00000, 1.00000, 0.00000, 0.00000, 0.00000, 0.00000, 1.00000, 0.00000, -52.33352, -61.28142, -0.00000, 1.00000, },
				{ 1.00000, 0.00000, 0.00000, 0.00000, 0.00000, 1.00000, 0.00000, 0.00000, 0.00000, 0.00000, 1.00000, 0.00000, -58.67352, -60.17057, -0.00000, 1.00000, },
				{ 1.00000, 0.00000, 0.00000, 0.00000, 0.00000, 1.00000, 0.00000, 0.00000, 0.00000, 0.00000, 1.00000, 0.00000, -57.34351, -59.83648, -0.00000, 1.00000, },
				{ 1.00000, 0.00000, 0.00000, 0.00000, 0.00000, 1.00000, 0.00000, 0.00000, 0.00000, 0.00000, 1.00000, 0.00000, -55.84351, -59.65163, -0.00000, 1.00000, },
				{ 1.00000, 0.00000, 0.00000, 0.00000, 0.00000, 1.00000, 0.00000, 0.00000, 0.00000, 0.00000, 1.00000, 0.00000, -54.01352, -59.85090, -0.00000, 1.00000, },
				{ 1.00000, 0.00000, 0.00000, 0.00000, 0.00000, 1.00000, 0.00000, 0.00000, 0.00000, 0.00000, 1.00000, 0.00000, -52.33352, -59.83783, -0.00000, 1.00000, },
			},
			["asset/ground/container_big_steel.mdl"] = {
				{ 0.02443, -0.99970, 0.00000, 0.00000, 0.99970, 0.02443, 0.00000, 0.00000, 0.00000, 0.00000, 1.00000, 0.00000, -19.64176, -22.02000, -0.70000, 1.00000, },
				{ 0.02443, -0.99970, 0.00000, 0.00000, 0.99970, 0.02443, 0.00000, 0.00000, 0.00000, 0.00000, 1.00000, 0.00000, -19.64176, -18.56000, -0.70000, 1.00000, },
				{ -0.05582, -0.99844, 0.00000, 0.00000, 0.99844, -0.05582, 0.00000, 0.00000, 0.00000, 0.00000, 1.00000, 0.00000, -19.64176, -25.26000, -0.70000, 1.00000, },
				{ 0.03141, -0.99951, 0.00000, 0.00000, 0.99951, 0.03141, 0.00000, 0.00000, 0.00000, 0.00000, 1.00000, 0.00000, -19.64176, -28.87000, -0.70000, 1.00000, },
				{ -0.01047, -0.99995, 0.00000, 0.00000, 0.99995, -0.01047, 0.00000, 0.00000, 0.00000, 0.00000, 1.00000, 0.00000, -19.64176, -32.21000, -0.70000, 1.00000, },
			},
			["asset/ground/container_waste3.mdl"] = {
				{ -1.00000, -0.00000, -0.00000, 0.00000, 0.00000, -1.00000, 0.00000, 0.00000, -0.00000, 0.00000, 1.00000, 0.00000, -46.84351, -76.58387, -0.00000, 1.00000, },
				{ -0.99377, -0.11147, -0.00000, 0.00000, 0.11147, -0.99377, 0.00000, 0.00000, -0.00000, 0.00000, 1.00000, 0.00000, -44.34351, -76.58387, -0.00000, 1.00000, },
			},
			["asset/ground/container_wood.mdl"] = {
				{ -0.00000, 1.00000, 0.00000, 0.00000, -1.00000, -0.00000, 0.00000, 0.00000, 0.00000, 0.00000, 1.00000, 0.00000, -41.93703, 65.36613, -0.00000, 1.00000, },
				{ -1.00000, -0.00000, 0.00000, 0.00000, 0.00000, -1.00000, 0.00000, 0.00000, 0.00000, 0.00000, 1.00000, 0.00000, -17.78703, 17.58613, -0.52000, 1.00000, },
			},
			["asset/industry/pallet_01.mdl"] = {
				{ 0.99953, 0.03062, 0.00000, 0.00000, -0.03062, 0.99953, 0.00000, 0.00000, 0.00000, 0.00000, 1.00000, 0.00000, -43.44000, -58.60000, -0.02000, 1.00000, },
				{ 0.03918, 0.99923, 0.00000, 0.00000, -0.17351, 0.00680, 0.98481, 0.00000, 0.98405, -0.03858, 0.17365, 0.00000, -42.82500, -58.60000, 0.59000, 1.00000, },
				{ 0.98897, 0.14813, 0.00000, 0.00000, -0.14813, 0.98897, 0.00000, 0.00000, 0.00000, 0.00000, 1.00000, 0.00000, -43.44000, -58.60000, 0.12000, 1.00000, },
				{ 0.97974, 0.20026, 0.00000, 0.00000, -0.20026, 0.97974, 0.00000, 0.00000, 0.00000, 0.00000, 1.00000, 0.00000, -43.44000, -58.60000, 0.26000, 1.00000, },
				{ 0.98679, 0.16198, 0.00000, 0.00000, -0.16198, 0.98679, 0.00000, 0.00000, 0.00000, 0.00000, 1.00000, 0.00000, -43.44000, -58.60000, 0.40000, 1.00000, },
				{ 0.99929, -0.03769, 0.00000, 0.00000, 0.03769, 0.99929, 0.00000, 0.00000, 0.00000, 0.00000, 1.00000, 0.00000, -43.44000, -58.60000, 0.52000, 1.00000, },
			},
			["asset/industry/steal_pipes_01.mdl"] = {
				{ 0.02792, -0.99961, 0.00000, 0.00000, 0.99961, 0.02792, 0.00000, 0.00000, 0.00000, 0.00000, 1.00000, 0.00000, -18.25000, -0.45000, -0.56000, 1.00000, },
				{ 0.02792, -0.99961, 0.00000, 0.00000, 0.99961, 0.02792, 0.00000, 0.00000, 0.00000, 0.00000, 1.00000, 0.00000, -21.70000, -0.45000, -0.56000, 1.00000, },
				{ 0.02792, -0.99961, 0.00000, 0.00000, 0.99961, 0.02792, 0.00000, 0.00000, 0.00000, 0.00000, 1.00000, 0.00000, -18.25000, 0.93000, -0.56000, 1.00000, },
				{ 0.02792, -0.99961, 0.00000, 0.00000, 0.99961, 0.02792, 0.00000, 0.00000, 0.00000, 0.00000, 1.00000, 0.00000, -21.70000, 0.93000, -0.56000, 1.00000, },
				{ 0.02792, -0.99961, 0.00000, 0.00000, 0.99961, 0.02792, 0.00000, 0.00000, 0.00000, 0.00000, 1.00000, 0.00000, -18.25000, 2.21000, -0.56000, 1.00000, },
				{ 0.02792, -0.99961, 0.00000, 0.00000, 0.99961, 0.02792, 0.00000, 0.00000, 0.00000, 0.00000, 1.00000, 0.00000, -21.70000, 2.21000, -0.56000, 1.00000, },
				{ 0.02792, -0.99961, 0.00000, 0.00000, 0.99961, 0.02792, 0.00000, 0.00000, 0.00000, 0.00000, 1.00000, 0.00000, -18.25000, 3.59000, -0.56000, 1.00000, },
				{ 0.52696, -0.84989, 0.00000, 0.00000, 0.84989, 0.52696, 0.00000, 0.00000, 0.00000, 0.00000, 1.00000, 0.00000, -18.25000, 8.79000, -0.26000, 1.00000, },
				{ 0.02792, -0.99961, 0.00000, 0.00000, 0.99961, 0.02792, 0.00000, 0.00000, 0.00000, 0.00000, 1.00000, 0.00000, -21.70000, 3.59000, -0.56000, 1.00000, },
				{ 0.02792, -0.99961, 0.00000, 0.00000, 0.99961, 0.02792, 0.00000, 0.00000, 0.00000, 0.00000, 1.00000, 0.00000, -18.25000, 4.83000, -0.56000, 1.00000, },
				{ 0.02792, -0.99961, 0.00000, 0.00000, 0.99961, 0.02792, 0.00000, 0.00000, 0.00000, 0.00000, 1.00000, 0.00000, -21.70000, 4.83000, -0.56000, 1.00000, },
			},
			["asset/industry/wooden_box_01.mdl"] = {
				{ 0.70711, 0.70711, 0.00000, 0.00000, -0.70711, 0.70711, 0.00000, 0.00000, 0.00000, 0.00000, 1.00000, 0.00000, -48.40000, 63.08000, 7.73000, 1.00000, },
				{ 0.11494, 0.99337, 0.00000, 0.00000, -0.99337, 0.11494, 0.00000, 0.00000, 0.00000, 0.00000, 1.00000, 0.00000, -27.10000, 56.02000, 7.73000, 1.00000, },
				{ -0.06279, 0.99803, 0.00000, 0.00000, -0.99803, -0.06279, 0.00000, 0.00000, 0.00000, 0.00000, 1.00000, 0.00000, -25.80000, 56.02000, 7.73000, 1.00000, },
			},
			["asset/industry/wooden_box_02.mdl"] = {
				{ 0.98357, 0.18052, 0.00000, 0.00000, -0.18052, 0.98357, 0.00000, 0.00000, 0.00000, 0.00000, 1.00000, 0.00000, -35.25000, 57.46000, 0.00000, 1.00000, },
				{ 0.92849, -0.37137, 0.00000, 0.00000, 0.37137, 0.92849, 0.00000, 0.00000, 0.00000, 0.00000, 1.00000, 0.00000, -35.25000, 59.16000, 0.00000, 1.00000, },
				{ -0.99359, -0.11307, 0.00000, 0.00000, 0.11307, -0.99359, 0.00000, 0.00000, 0.00000, 0.00000, 1.00000, 0.00000, -35.75000, -75.23000, 0.00000, 1.00000, },
				{ -0.96459, -0.26375, 0.00000, 0.00000, 0.26375, -0.96459, 0.00000, 0.00000, 0.00000, 0.00000, 1.00000, 0.00000, -35.75000, -75.23000, 0.94000, 1.00000, },
				{ -0.99955, 0.03014, 0.00000, 0.00000, -0.03014, -0.99955, 0.00000, 0.00000, 0.00000, 0.00000, 1.00000, 0.00000, -35.75000, -76.58000, 0.00000, 1.00000, },
				{ -0.99239, -0.12313, 0.00000, 0.00000, 0.12313, -0.99239, 0.00000, 0.00000, 0.00000, 0.00000, 1.00000, 0.00000, -35.75000, -76.58000, 0.94000, 1.00000, },
				{ -1.00000, -0.00312, 0.00000, 0.00000, 0.00312, -1.00000, 0.00000, 0.00000, 0.00000, 0.00000, 1.00000, 0.00000, -34.70000, -75.23000, 0.00000, 1.00000, },
				{ -0.98775, -0.15607, 0.00000, 0.00000, 0.15607, -0.98775, 0.00000, 0.00000, 0.00000, 0.00000, 1.00000, 0.00000, -34.70000, -75.23000, 0.94000, 1.00000, },
				{ -0.99878, 0.04945, 0.00000, 0.00000, -0.04945, -0.99878, 0.00000, 0.00000, 0.00000, 0.00000, 1.00000, 0.00000, -34.68000, -76.58000, 0.00000, 1.00000, },
				{ -0.99458, -0.10393, 0.00000, 0.00000, 0.10393, -0.99458, 0.00000, 0.00000, 0.00000, 0.00000, 1.00000, 0.00000, -34.68000, -76.58000, 0.94000, 1.00000, },
				{ -0.99741, 0.07189, 0.00000, 0.00000, -0.07189, -0.99741, 0.00000, 0.00000, 0.00000, 0.00000, 1.00000, 0.00000, -33.47000, -75.23000, 0.00000, 1.00000, },
				{ -0.98802, -0.15432, 0.00000, 0.00000, 0.15432, -0.98802, 0.00000, 0.00000, 0.00000, 0.00000, 1.00000, 0.00000, -32.29000, -75.23000, 0.00000, 1.00000, },
				{ -0.98802, -0.15432, 0.00000, 0.00000, 0.15432, -0.98802, 0.00000, 0.00000, 0.00000, 0.00000, 1.00000, 0.00000, -33.19000, -76.75000, 0.00000, 1.00000, },
				{ -1.00000, 0.00148, 0.00000, 0.00000, -0.00148, -1.00000, 0.00000, 0.00000, 0.00000, 0.00000, 1.00000, 0.00000, -31.07000, -75.23000, 0.00000, 1.00000, },
				{ 0.99255, -0.12187, 0.00000, 0.00000, 0.12187, 0.99255, 0.00000, 0.00000, 0.00000, 0.00000, 1.00000, 0.00000, -34.11000, 58.71000, 0.00000, 1.00000, },
				{ 0.98657, 0.16333, 0.00000, 0.00000, -0.16333, 0.98657, 0.00000, 0.00000, 0.00000, 0.00000, 1.00000, 0.00000, -34.65000, 58.71000, 0.89000, 1.00000, },
			},
			["asset/industry/wooden_box_04.mdl"] = {
				{ 0.78152, -0.62388, 0.00000, 0.00000, 0.62388, 0.78152, 0.00000, 0.00000, 0.00000, 0.00000, 1.00000, 0.00000, -56.85000, -73.87000, 0.00000, 1.00000, },
				{ -0.07324, -0.99731, 0.00000, 0.00000, 0.99731, -0.07324, 0.00000, 0.00000, 0.00000, 0.00000, 1.00000, 0.00000, -59.80000, -71.22000, 0.00000, 1.00000, },
			},
			["asset/rocks/rock_cracked_01.mdl"] = {
				{ 0.79441, 0.00000, 0.60738, 0.00000, 0.00000, 1.00000, -0.00000, 0.00000, -0.60738, 0.00000, 0.79441, 0.00000, 47.22000, 33.78385, -14.40000, 1.00000, },
				{ 0.75700, 0.00000, 0.65342, 0.00000, -0.19104, 0.95630, 0.22132, 0.00000, -0.62487, -0.29237, 0.72392, 0.00000, 50.62000, 33.24385, -13.06000, 1.00000, },
			},
			["asset/rocks/rock_cracked_02.mdl"] = {
				{ -0.97437, 0.22495, 0.00000, 0.00000, -0.08934, -0.38697, 0.91775, 0.00000, 0.20645, 0.89423, 0.39715, 0.00000, 56.66476, 50.72193, -12.80000, 1.00000, },
			},
			["asset/rocks/rock_cracked_03.mdl"] = {
				{ 1.00000, 0.00000, 0.00000, 0.00000, 0.00000, 1.00000, -0.00000, 0.00000, 0.00000, 0.00000, 1.00000, 0.00000, 32.22357, -50.70808, -15.26000, 1.00000, },
			},
			["asset/rocks/rock_cracked_04.mdl"] = {
				{ 0.84589, 0.32887, -0.41990, 0.00000, -0.29457, 0.94438, 0.14623, 0.00000, 0.44464, 0.00000, 0.89571, 0.00000, 55.62310, 49.62340, -16.01813, 1.00000, },
				{ -0.11588, 0.98876, -0.09451, 0.00000, -0.69844, -0.14877, -0.70004, 0.00000, -0.70623, -0.01511, 0.70782, 0.00000, 54.78310, 53.86339, -12.81813, 1.00000, },
				{ 0.63203, 0.77494, 0.00000, 0.00000, -0.77494, 0.63203, -0.00000, 0.00000, -0.00000, 0.00000, 1.00000, 0.00000, 37.83310, -51.40660, -14.97813, 1.00000, },
			},
			["asset/rocks/rock_sandstone_01.mdl"] = {
				{ 0.39058, 0.79415, -0.46560, 0.00000, -0.89670, 0.44263, 0.00277, 0.00000, 0.20829, 0.41642, 0.88499, 0.00000, 51.31339, 35.83352, -13.32161, 1.00000, },
				{ 0.06595, -0.98279, 0.17254, 0.00000, 0.96586, 0.10629, 0.23625, 0.00000, -0.25052, 0.15107, 0.95625, 0.00000, 53.80219, 38.72483, -15.33413, 1.00000, },
				{ -0.14549, -0.97930, 0.14070, 0.00000, 0.98935, -0.14452, 0.01714, 0.00000, 0.00355, 0.14169, 0.98990, 0.00000, 48.28923, 39.32021, -15.17447, 1.00000, },
				{ -0.14549, -0.97930, 0.14070, 0.00000, 0.98935, -0.14452, 0.01714, 0.00000, 0.00355, 0.14169, 0.98990, 0.00000, 48.28923, 40.11570, -15.17447, 1.00000, },
				{ 0.08892, -0.89159, -0.44403, 0.00000, 0.95656, -0.04782, 0.28759, 0.00000, -0.27764, -0.45031, 0.84861, 0.00000, 47.61324, 31.91989, -14.23314, 1.00000, },
				{ -0.24659, -0.82690, -0.50541, 0.00000, 0.80949, 0.11100, -0.57655, 0.00000, 0.53285, -0.55129, 0.64199, 0.00000, 52.91442, 31.99105, -14.36559, 1.00000, },
				{ -0.52739, -0.84328, -0.10362, 0.00000, 0.63574, -0.47259, 0.61032, 0.00000, -0.56364, 0.25600, 0.78535, 0.00000, 48.21807, 35.29985, -13.80740, 1.00000, },
				{ -0.11723, -0.98416, -0.13299, 0.00000, 0.87792, -0.16529, 0.44938, 0.00000, -0.46424, -0.06407, 0.88339, 0.00000, 46.51030, 35.58447, -14.78434, 1.00000, },
				{ 0.45817, -0.88295, 0.10241, 0.00000, 0.86168, 0.46947, 0.19261, 0.00000, -0.21814, 0.00000, 0.97592, 0.00000, 45.06119, 33.67192, -15.40000, 1.00000, },
				{ 0.33675, -0.64897, 0.07527, 0.00000, 0.54030, 0.32425, 0.37836, 0.00000, -0.36728, -0.11802, 0.62562, 0.00000, 49.86119, 33.67192, -13.08000, 1.00000, },
			},
			["asset/rocks/rock_sandstone_02.mdl"] = {
				{ -0.56367, -0.74272, 0.36145, 0.00000, 0.81889, -0.44517, 0.36229, 0.00000, -0.10817, 0.50020, 0.85913, 0.00000, 47.79113, 37.64802, -14.62124, 1.00000, },
				{ -0.57877, 0.63848, -0.50731, 0.00000, -0.75057, -0.66031, 0.02526, 0.00000, -0.31885, 0.39539, 0.86139, 0.00000, 47.50650, 38.25285, -14.91590, 1.00000, },
				{ -0.78186, -0.62249, 0.03454, 0.00000, 0.61326, -0.75792, 0.22243, 0.00000, -0.11228, 0.19509, 0.97434, 0.00000, 46.83051, 38.18170, -15.06768, 1.00000, },
				{ -0.19381, 0.89789, -0.39526, 0.00000, -0.98103, -0.17610, 0.08099, 0.00000, 0.00311, 0.40346, 0.91499, 0.00000, 48.14692, 38.43074, -14.97662, 1.00000, },
				{ -0.99982, 0.01856, -0.00478, 0.00000, -0.01891, -0.91481, 0.40344, 0.00000, 0.00311, 0.40346, 0.91499, 0.00000, 47.93344, 38.11054, -14.83470, 1.00000, },
				{ -0.99995, 0.00368, 0.00879, 0.00000, 0.00148, -0.85092, 0.52530, 0.00000, 0.00941, 0.52529, 0.85087, 0.00000, 49.96141, 37.71918, -14.55959, 1.00000, },
				{ -0.32596, -0.83427, 0.44468, 0.00000, 0.93917, -0.23194, 0.25329, 0.00000, -0.10817, 0.50020, 0.85913, 0.00000, 48.64501, 38.00380, -14.72087, 1.00000, },
				{ -0.73034, 0.62594, -0.27352, 0.00000, -0.68308, -0.66740, 0.29661, 0.00000, 0.00311, 0.40346, 0.91499, 0.00000, 48.18249, 38.07496, -14.81986, 1.00000, },
				{ -0.99589, -0.07412, 0.05214, 0.00000, 0.09005, -0.87349, 0.47844, 0.00000, 0.01008, 0.48116, 0.87657, 0.00000, 49.53447, 37.25666, -14.28507, 1.00000, },
				{ -0.33377, 0.79576, -0.50533, 0.00000, -0.93643, -0.34142, 0.08087, 0.00000, -0.10817, 0.50020, 0.85913, 0.00000, 51.86059, 39.67054, -14.93853, 1.00000, },
				{ -0.68846, -0.63242, 0.35506, 0.00000, 0.72521, -0.60706, 0.32488, 0.00000, 0.01008, 0.48116, 0.87657, 0.00000, 49.39215, 37.32782, -14.32249, 1.00000, },
				{ -0.05829, 0.84621, -0.52965, 0.00000, -0.99210, -0.10812, -0.06356, 0.00000, -0.11106, 0.52176, 0.84583, 0.00000, 50.10372, 38.50190, -15.04423, 1.00000, },
				{ -0.97778, 0.19914, -0.06555, 0.00000, -0.20514, -0.84430, 0.49505, 0.00000, 0.04324, 0.49750, 0.86639, 0.00000, 49.32100, 38.46632, -14.99232, 1.00000, },
				{ 0.87644, -0.41400, 0.24589, 0.00000, 0.48142, 0.74342, -0.46428, 0.00000, 0.00941, 0.52529, 0.85087, 0.00000, 49.96141, 38.43074, -14.99888, 1.00000, },
				{ -0.25188, -0.96098, 0.11434, 0.00000, 0.96636, -0.25610, -0.02360, 0.00000, 0.05196, 0.10455, 0.99316, 0.00000, 50.06815, 39.07116, -15.19002, 1.00000, },
				{ 0.44396, -0.74893, 0.49194, 0.00000, 0.88949, 0.43463, -0.14105, 0.00000, -0.10817, 0.50020, 0.85913, 0.00000, 48.39596, 38.07496, -14.79366, 1.00000, },
				{ -0.47398, -0.84981, 0.23056, 0.00000, 0.87372, -0.42140, 0.24297, 0.00000, -0.10932, 0.31661, 0.94224, 0.00000, 50.49509, 38.96442, -15.20225, 1.00000, },
				{ 0.30703, 0.81862, -0.48539, 0.00000, -0.95072, 0.28699, -0.11734, 0.00000, 0.04324, 0.49750, 0.86639, 0.00000, 49.14311, 38.11054, -14.77914, 1.00000, },
				{ -0.02188, 0.86279, -0.50509, 0.00000, -0.99389, -0.07343, -0.08238, 0.00000, -0.10817, 0.50020, 0.85913, 0.00000, 53.84501, 37.29476, -14.57587, 1.00000, },
				{ -0.54863, -0.71292, 0.43675, 0.00000, 0.83495, -0.49421, 0.24211, 0.00000, 0.04324, 0.49750, 0.86639, 0.00000, 49.78352, 38.64421, -15.11755, 1.00000, },
				{ 0.32859, -0.80528, 0.49351, 0.00000, 0.94443, 0.27494, -0.18018, 0.00000, 0.00941, 0.52529, 0.85087, 0.00000, 49.42774, 37.57686, -14.46583, 1.00000, },
				{ -0.40634, 0.80011, -0.44127, 0.00000, -0.91221, -0.32747, 0.24624, 0.00000, 0.05252, 0.50259, 0.86293, 0.00000, 50.85087, 36.93645, -13.91397, 1.00000, },
				{ -0.73170, 0.53301, -0.42487, 0.00000, -0.67252, -0.66608, 0.32258, 0.00000, -0.11106, 0.52176, 0.84583, 0.00000, 50.24604, 37.79033, -14.58660, 1.00000, },
				{ 0.90932, 0.36026, -0.20821, 0.00000, -0.41597, 0.79919, -0.43390, 0.00000, 0.01008, 0.48116, 0.87657, 0.00000, 49.21426, 36.86530, -14.06656, 1.00000, },
				{ -0.42783, -0.75361, 0.49902, 0.00000, 0.89147, -0.26074, 0.37053, 0.00000, -0.14912, 0.60339, 0.78338, 0.00000, 50.06815, 37.43455, -14.38417, 1.00000, },
				{ 0.29363, -0.81485, 0.49980, 0.00000, 0.95587, 0.24514, -0.16191, 0.00000, 0.00941, 0.52529, 0.85087, 0.00000, 52.70984, 37.85918, -14.55172, 1.00000, },
				{ -0.49432, 0.72273, -0.48302, 0.00000, -0.86252, -0.47694, 0.16908, 0.00000, -0.10817, 0.50020, 0.85913, 0.00000, 48.71616, 38.14612, -14.79477, 1.00000, },
				{ 0.08961, -0.87353, 0.47846, 0.00000, 0.99593, 0.07372, -0.05192, 0.00000, 0.01008, 0.48116, 0.87657, 0.00000, 49.28542, 37.07877, -14.18456, 1.00000, },
				{ 0.50663, 0.82328, -0.25600, 0.00000, -0.79753, 0.33471, -0.50192, 0.00000, -0.32753, 0.45846, 0.82616, 0.00000, 47.41575, 36.60509, -14.15931, 1.00000, },
				{ -0.48852, -0.83062, 0.26726, 0.00000, 0.80875, -0.31606, 0.49602, 0.00000, -0.32753, 0.45846, 0.82616, 0.00000, 48.14692, 36.68740, -14.21007, 1.00000, },
				{ 0.94626, 0.27880, -0.16392, 0.00000, -0.32326, 0.83112, -0.45249, 0.00000, 0.01008, 0.48116, 0.87657, 0.00000, 49.32100, 36.82972, -14.04826, 1.00000, },
				{ -0.94675, 0.20327, -0.24970, 0.00000, -0.30222, -0.82852, 0.47140, 0.00000, -0.11106, 0.52176, 0.84583, 0.00000, 50.13931, 38.11054, -14.79814, 1.00000, },
				{ 0.17919, -0.82651, 0.53364, 0.00000, 0.98255, 0.12287, -0.13964, 0.00000, 0.04985, 0.54935, 0.83410, 0.00000, 50.38835, 36.15373, -13.41958, 1.00000, },
				{ -0.26915, 0.81163, -0.51847, 0.00000, -0.96181, -0.19865, 0.18831, 0.00000, 0.04985, 0.54935, 0.83410, 0.00000, 50.38835, 36.11815, -13.39615, 1.00000, },
				{ -0.96120, 0.09749, -0.25805, 0.00000, -0.23207, -0.79147, 0.56544, 0.00000, -0.14912, 0.60339, 0.78338, 0.00000, 50.10372, 36.86530, -13.93894, 1.00000, },
				{ 0.99468, 0.09168, 0.04705, 0.00000, -0.04370, 0.78875, -0.61316, 0.00000, -0.09333, 0.60784, 0.78856, 0.00000, 50.49509, 37.11435, -14.08406, 1.00000, },
				{ -0.29234, 0.72679, -0.62154, 0.00000, -0.87491, -0.46566, -0.13300, 0.00000, -0.38609, 0.50491, 0.77201, 0.00000, 50.06815, 35.40658, -12.93912, 1.00000, },
				{ 0.38353, -0.69492, 0.60826, 0.00000, 0.91141, 0.39116, -0.12779, 0.00000, -0.14912, 0.60339, 0.78338, 0.00000, 49.81910, 36.61625, -13.80129, 1.00000, },
				{ 0.60779, -0.71577, 0.34390, 0.00000, 0.77530, 0.62854, -0.06205, 0.00000, -0.17174, 0.30434, 0.93695, 0.00000, 49.24984, 35.65563, -13.44434, 1.00000, },
				{ 0.39115, 0.89547, 0.21246, 0.00000, -0.86022, 0.43779, -0.26146, 0.00000, -0.32715, -0.08049, 0.94154, 0.00000, 50.06815, 34.76617, -12.70768, 1.00000, },
				{ -0.71178, 0.60430, -0.35804, 0.00000, -0.55530, -0.79627, -0.23999, 0.00000, -0.43012, 0.02800, 0.90234, 0.00000, 49.42774, 34.62386, -12.98510, 1.00000, },
				{ 0.37083, 0.90110, -0.22472, 0.00000, -0.91268, 0.30886, -0.26761, 0.00000, -0.17174, 0.30434, 0.93695, 0.00000, 49.89025, 36.15373, -13.48874, 1.00000, },
				{ 0.44429, 0.73576, -0.51113, 0.00000, -0.89450, 0.39606, -0.20740, 0.00000, 0.04985, 0.54935, 0.83410, 0.00000, 50.45951, 35.83352, -13.21294, 1.00000, },
				{ 0.97360, 0.07851, -0.21435, 0.00000, -0.06127, 0.99442, 0.08593, 0.00000, 0.21990, -0.07053, 0.97297, 0.00000, 50.35278, 33.91228, -12.79718, 1.00000, },
				{ -0.54157, 0.79169, -0.28272, 0.00000, -0.72229, -0.61028, -0.32536, 0.00000, -0.43012, 0.02800, 0.90234, 0.00000, 49.71236, 34.58828, -12.84832, 1.00000, },
				{ -0.82005, -0.47092, -0.32519, 0.00000, 0.46957, -0.87849, 0.08805, 0.00000, -0.32715, -0.08049, 0.94154, 0.00000, 49.92583, 34.12576, -12.81187, 1.00000, },
				{ 0.87928, 0.37195, -0.29752, 0.00000, -0.47369, 0.74824, -0.46449, 0.00000, 0.04985, 0.54935, 0.83410, 0.00000, 50.21046, 35.51332, -12.98717, 1.00000, },
				{ -0.76270, -0.42959, -0.48346, 0.00000, 0.34936, -0.90274, 0.25101, 0.00000, -0.54427, 0.02255, 0.83861, 0.00000, 48.57386, 34.44596, -13.42075, 1.00000, },
				{ -0.89885, -0.01777, -0.43790, 0.00000, -0.20738, -0.86299, 0.46070, 0.00000, -0.38609, 0.50491, 0.77201, 0.00000, 49.10753, 35.29985, -13.34973, 1.00000, },
				{ 0.75527, -0.53637, 0.37666, 0.00000, 0.49454, 0.84352, 0.20956, 0.00000, -0.43012, 0.02800, 0.90234, 0.00000, 48.96522, 34.62386, -13.20558, 1.00000, },
				{ 0.24306, -0.95548, 0.16730, 0.00000, 0.80265, 0.29495, 0.51842, 0.00000, -0.54469, 0.00828, 0.83860, 0.00000, 48.04018, 33.27187, -13.74072, 1.00000, },
				{ 0.51057, 0.80208, 0.30981, 0.00000, -0.66565, 0.59679, -0.44806, 0.00000, -0.54427, 0.02255, 0.83861, 0.00000, 48.39596, 34.12576, -13.52759, 1.00000, },
				{ 0.81554, -0.22784, 0.53196, 0.00000, 0.19547, 0.97366, 0.11735, 0.00000, -0.54469, 0.00828, 0.83860, 0.00000, 48.39596, 33.41419, -13.51103, 1.00000, },
				{ -0.83758, 0.04498, -0.54446, 0.00000, -0.04222, -0.99895, -0.01756, 0.00000, -0.54469, 0.00828, 0.83860, 0.00000, 47.75555, 33.52092, -13.92804, 1.00000, },
				{ -0.63846, -0.71609, -0.28212, 0.00000, 0.63825, -0.69745, 0.32588, 0.00000, -0.43012, 0.02800, 0.90234, 0.00000, 49.42774, 34.83733, -12.99173, 1.00000, },
				{ 0.33426, 0.85612, 0.39413, 0.00000, -0.88660, 0.42748, -0.17664, 0.00000, -0.31971, -0.29039, 0.90192, 0.00000, 49.10753, 33.20072, -13.25650, 1.00000, },
				{ -0.40781, -0.81703, -0.40761, 0.00000, 0.85527, -0.49813, 0.14279, 0.00000, -0.31971, -0.29039, 0.90192, 0.00000, 49.60563, 33.52092, -12.97684, 1.00000, },
				{ -0.67549, -0.67308, -0.30111, 0.00000, 0.59892, -0.73904, 0.30842, 0.00000, -0.43012, 0.02800, 0.90234, 0.00000, 49.28542, 34.23249, -13.04080, 1.00000, },
				{ 0.68687, 0.61751, 0.38326, 0.00000, -0.49433, 0.78352, -0.37648, 0.00000, -0.53278, 0.06914, 0.84343, 0.00000, 47.25745, 33.73439, -14.25886, 1.00000, },
				{ -0.88931, -0.31069, -0.33556, 0.00000, 0.31954, -0.94710, 0.03006, 0.00000, -0.32715, -0.08049, 0.94154, 0.00000, 48.92964, 33.59208, -13.20363, 1.00000, },
				{ -0.90991, 0.35959, -0.20677, 0.00000, -0.26428, -0.88677, -0.37919, 0.00000, -0.31971, -0.29039, 0.90192, 0.00000, 49.21426, 32.98725, -13.28739, 1.00000, },
				{ -0.24450, 0.96965, -0.00206, 0.00000, -0.91280, -0.23088, -0.33690, 0.00000, -0.32715, -0.08049, 0.94154, 0.00000, 49.53447, 34.01902, -12.95698, 1.00000, },
				{ 0.71218, -0.59724, -0.36893, 0.00000, 0.69575, 0.53058, 0.48417, 0.00000, -0.09342, -0.60150, 0.79340, 0.00000, 48.57386, 32.02663, -13.86332, 1.00000, },
				{ -0.95529, 0.03056, -0.29408, 0.00000, 0.05836, -0.95558, -0.28889, 0.00000, -0.28984, -0.29313, 0.91108, 0.00000, 48.57386, 33.05840, -13.48340, 1.00000, },
				{ -0.91378, -0.29369, -0.28062, 0.00000, 0.39163, -0.82035, -0.41671, 0.00000, -0.10782, -0.49068, 0.86464, 0.00000, 49.60563, 32.34684, -13.51365, 1.00000, },
				{ -0.83377, -0.11295, -0.54043, 0.00000, 0.09025, -0.99357, 0.06843, 0.00000, -0.54469, 0.00828, 0.83860, 0.00000, 48.07576, 32.91609, -13.71409, 1.00000, },
				{ 0.06557, -0.86516, -0.49719, 0.00000, 0.99539, 0.09165, -0.02820, 0.00000, 0.06997, -0.49305, 0.86718, 0.00000, 50.45951, 32.80936, -13.20684, 1.00000, },
				{ 0.96724, -0.09421, -0.23572, 0.00000, 0.23639, 0.67274, 0.70110, 0.00000, 0.09253, -0.73386, 0.67297, 0.00000, 49.81910, 31.63527, -14.08244, 1.00000, },
				{ 0.53131, 0.73320, 0.42440, 0.00000, -0.78453, 0.61489, -0.08013, 0.00000, -0.31971, -0.29039, 0.90192, 0.00000, 48.92964, 32.63146, -13.50284, 1.00000, },
				{ -0.94006, 0.33334, 0.07194, 0.00000, -0.32352, -0.80506, -0.49721, 0.00000, -0.10782, -0.49068, 0.86464, 0.00000, 50.03257, 32.77378, -13.21812, 1.00000, },
				{ 0.54268, 0.73378, 0.40873, 0.00000, -0.78834, 0.61290, -0.05360, 0.00000, -0.28984, -0.29313, 0.91108, 0.00000, 48.53827, 32.84493, -13.56340, 1.00000, },
				{ 0.97338, 0.20899, 0.09406, 0.00000, -0.20967, 0.64636, 0.73366, 0.00000, 0.09253, -0.73386, 0.67297, 0.00000, 49.96141, 31.88432, -13.83042, 1.00000, },
				{ -0.51004, -0.71923, -0.47177, 0.00000, 0.85337, -0.49187, -0.17272, 0.00000, -0.10782, -0.49068, 0.86464, 0.00000, 49.46331, 32.31126, -13.55159, 1.00000, },
				{ 0.94959, 0.17457, 0.26038, 0.00000, -0.29473, 0.78018, 0.55178, 0.00000, -0.10682, -0.60071, 0.79230, 0.00000, 49.10753, 31.56411, -14.14594, 1.00000, },
				{ -0.93583, 0.16674, 0.31050, 0.00000, -0.34008, -0.65852, -0.67134, 0.00000, 0.09253, -0.73386, 0.67297, 0.00000, 49.57005, 31.63527, -14.04819, 1.00000, },
				{ 0.82043, 0.44728, 0.35614, 0.00000, -0.56149, 0.74778, 0.35434, 0.00000, -0.10782, -0.49068, 0.86464, 0.00000, 49.24984, 32.56031, -13.43687, 1.00000, },
				{ 0.21075, -0.67727, -0.70490, 0.00000, 0.97390, 0.08334, 0.21110, 0.00000, -0.08423, -0.73100, 0.67716, 0.00000, 50.17488, 31.70642, -14.04310, 1.00000, },
				{ -0.91354, -0.35096, -0.20561, 0.00000, 0.40059, -0.86396, -0.30514, 0.00000, -0.07055, -0.36112, 0.92985, 0.00000, 51.02877, 32.45357, -13.36927, 1.00000, },
				{ -0.93920, -0.02872, -0.34217, 0.00000, 0.12526, -0.95648, -0.26355, 0.00000, -0.31971, -0.29039, 0.90192, 0.00000, 49.14311, 32.73820, -13.39280, 1.00000, },
				{ -0.86489, 0.39112, 0.31464, 0.00000, -0.49485, -0.55917, -0.66517, 0.00000, -0.08423, -0.73100, 0.67716, 0.00000, 50.21046, 31.35064, -14.42274, 1.00000, },
				{ 0.60569, -0.71125, -0.35673, 0.00000, 0.79248, 0.57951, 0.19012, 0.00000, 0.07151, -0.39785, 0.91466, 0.00000, 51.02877, 30.42560, -15.08643, 1.00000, },
				{ -0.20698, -0.59102, -0.77965, 0.00000, 0.97800, -0.10370, -0.18102, 0.00000, 0.02613, -0.79996, 0.59948, 0.00000, 51.13550, 31.67085, -13.98008, 1.00000, },
				{ 0.46973, 0.81718, 0.33401, 0.00000, -0.88230, 0.42169, 0.20913, 0.00000, 0.03004, -0.39293, 0.91908, 0.00000, 49.96141, 30.53234, -14.96744, 1.00000, },
				{ -0.73359, 0.40676, 0.54443, 0.00000, -0.67327, -0.54406, -0.50071, 0.00000, 0.09253, -0.73386, 0.67297, 0.00000, 49.96141, 31.06601, -14.72276, 1.00000, },
				{ 0.92132, 0.38579, 0.04824, 0.00000, -0.37011, 0.83226, 0.41275, 0.00000, 0.11909, -0.39813, 0.90957, 0.00000, 51.63359, 30.74581, -15.00586, 1.00000, },
				{ -0.33008, -0.87478, -0.35470, 0.00000, 0.94124, -0.27655, -0.19388, 0.00000, 0.07151, -0.39785, 0.91466, 0.00000, 51.17108, 30.56791, -15.03566, 1.00000, },
				{ 0.41414, 0.84607, 0.33564, 0.00000, -0.90740, 0.35480, 0.22527, 0.00000, 0.07151, -0.39785, 0.91466, 0.00000, 51.13550, 30.24771, -15.17216, 1.00000, },
				{ -0.96725, -0.25101, -0.03757, 0.00000, 0.24501, -0.88482, -0.39632, 0.00000, 0.06624, -0.39255, 0.91734, 0.00000, 50.81530, 30.56791, -15.00831, 1.00000, },
				{ 0.48501, -0.72710, -0.48589, 0.00000, 0.86796, 0.33237, 0.36901, 0.00000, -0.10682, -0.60071, 0.79230, 0.00000, 49.81910, 32.09778, -13.64538, 1.00000, },
				{ -0.33354, -0.94273, 0.00411, 0.00000, 0.94217, -0.33349, -0.03326, 0.00000, 0.03273, -0.00722, 0.99944, 0.00000, 49.89025, 29.85635, -15.23921, 1.00000, },
				{ 0.28919, 0.66654, 0.68709, 0.00000, -0.95279, 0.13104, 0.27390, 0.00000, 0.09253, -0.73386, 0.67297, 0.00000, 50.03257, 31.31506, -14.46097, 1.00000, },
				{ -0.69208, 0.64420, 0.32564, 0.00000, -0.71878, -0.65644, -0.22900, 0.00000, 0.06624, -0.39255, 0.91734, 0.00000, 50.99319, 30.88812, -14.88414, 1.00000, },
				{ 0.18699, -0.58519, -0.78905, 0.00000, 0.98201, 0.13272, 0.13429, 0.00000, 0.02613, -0.79996, 0.59948, 0.00000, 51.09992, 31.67085, -13.97853, 1.00000, },
				{ 0.27123, 0.62946, 0.72815, 0.00000, -0.88973, -0.12462, 0.43915, 0.00000, 0.36717, -0.76697, 0.52625, 0.00000, 51.98938, 31.77758, -14.14703, 1.00000, },
				{ 0.99573, -0.08749, 0.02940, 0.00000, 0.03775, 0.67675, 0.73525, 0.00000, -0.08423, -0.73100, 0.67716, 0.00000, 50.38835, 31.63527, -14.09336, 1.00000, },
				{ 0.96879, 0.09893, 0.22729, 0.00000, -0.23314, 0.67517, 0.69985, 0.00000, -0.08423, -0.73100, 0.67716, 0.00000, 50.53067, 31.35064, -14.38291, 1.00000, },
				{ 0.64100, -0.68425, -0.34775, 0.00000, 0.76420, 0.61116, 0.20609, 0.00000, 0.07151, -0.39785, 0.91466, 0.00000, 51.17108, 30.06982, -15.25232, 1.00000, },
				{ -0.22003, 0.58037, 0.78406, 0.00000, -0.97514, -0.15239, -0.16085, 0.00000, 0.02613, -0.79996, 0.59948, 0.00000, 51.02877, 31.35064, -14.40272, 1.00000, },
				{ -0.61913, 0.70126, 0.35344, 0.00000, -0.78203, -0.59156, -0.19618, 0.00000, 0.07151, -0.39785, 0.91466, 0.00000, 51.09992, 30.10539, -15.23128, 1.00000, },
				{ -0.74669, 0.56789, 0.34634, 0.00000, -0.65442, -0.72041, -0.22965, 0.00000, 0.11909, -0.39813, 0.90957, 0.00000, 52.09612, 30.53234, -15.15986, 1.00000, },
				{ 0.14694, 0.91318, 0.38015, 0.00000, -0.98693, 0.10961, 0.11817, 0.00000, 0.06624, -0.39255, 0.91734, 0.00000, 50.95760, 30.99485, -14.83589, 1.00000, },
				{ 0.90915, -0.23032, -0.34698, 0.00000, 0.41564, 0.55408, 0.72127, 0.00000, 0.02613, -0.79996, 0.59948, 0.00000, 51.42013, 31.35064, -14.41978, 1.00000, },
				{ -0.86105, 0.00991, 0.50842, 0.00000, -0.16728, -0.94969, -0.26479, 0.00000, 0.48021, -0.31305, 0.81939, 0.00000, 52.16727, 33.20072, -13.35717, 1.00000, },
				{ 0.72884, -0.37165, -0.57504, 0.00000, 0.48520, 0.87293, 0.05079, 0.00000, 0.48309, -0.31602, 0.81655, 0.00000, 52.30959, 32.20452, -13.82428, 1.00000, },
				{ -0.59205, -0.80494, 0.03945, 0.00000, 0.64721, -0.50406, -0.57188, 0.00000, 0.48021, -0.31305, 0.81939, 0.00000, 51.88265, 33.23630, -13.17677, 1.00000, },
				{ -0.29410, 0.66754, 0.68403, 0.00000, -0.95206, -0.14154, -0.27121, 0.00000, -0.08423, -0.73100, 0.67716, 0.00000, 50.92203, 31.70642, -13.95017, 1.00000, },
				{ 0.51486, 0.80097, 0.30557, 0.00000, -0.85471, 0.45206, 0.25516, 0.00000, 0.06624, -0.39255, 0.91734, 0.00000, 50.85087, 30.95928, -14.84341, 1.00000, },
				{ 0.84639, -0.07020, -0.52792, 0.00000, 0.22415, 0.94615, 0.23357, 0.00000, 0.48309, -0.31602, 0.81655, 0.00000, 52.70095, 32.31126, -14.01451, 1.00000, },
				{ 0.86391, 0.49088, 0.11267, 0.00000, -0.34475, 0.41326, 0.84283, 0.00000, 0.36717, -0.76697, 0.52625, 0.00000, 51.74033, 31.49295, -14.38809, 1.00000, },
				{ 0.60342, 0.71315, 0.35679, 0.00000, -0.79435, 0.49831, 0.34742, 0.00000, 0.06997, -0.49305, 0.86718, 0.00000, 50.67298, 33.23630, -12.98132, 1.00000, },
				{ 0.97700, 0.07302, 0.20035, 0.00000, -0.19590, 0.67846, 0.70803, 0.00000, -0.08423, -0.73100, 0.67716, 0.00000, 50.92203, 31.81316, -13.83494, 1.00000, },
				{ -0.99532, 0.09397, -0.02236, 0.00000, -0.04729, -0.67588, -0.73549, 0.00000, -0.08423, -0.73100, 0.67716, 0.00000, 50.53067, 32.13337, -13.53796, 1.00000, },
				{ -0.94568, -0.30946, -0.09965, 0.00000, 0.31749, -0.81310, -0.48792, 0.00000, 0.06997, -0.49305, 0.86718, 0.00000, 51.06434, 33.41419, -12.91175, 1.00000, },
				{ 0.12310, 0.94895, 0.29040, 0.00000, -0.86847, -0.03859, 0.49424, 0.00000, 0.48021, -0.31305, 0.81939, 0.00000, 51.74033, 32.63146, -13.32444, 1.00000, },
				{ -0.87076, -0.27104, 0.41027, 0.00000, 0.09166, -0.90921, -0.40612, 0.00000, 0.48309, -0.31602, 0.81655, 0.00000, 52.41632, 32.73820, -13.68088, 1.00000, },
				{ -0.67298, 0.67837, 0.29479, 0.00000, -0.59534, -0.73331, 0.32838, 0.00000, 0.43894, 0.04549, 0.89737, 0.00000, 51.59802, 34.44596, -12.98540, 1.00000, },
				{ 0.21677, 0.97011, -0.10906, 0.00000, -0.84269, 0.24234, 0.48077, 0.00000, 0.49283, -0.01232, 0.87004, 0.00000, 52.87884, 34.30365, -13.64633, 1.00000, },
				{ -0.78434, 0.61672, 0.06687, 0.00000, -0.61036, -0.78648, 0.09434, 0.00000, 0.11077, 0.03318, 0.99329, 0.00000, 51.38455, 33.98344, -12.93491, 1.00000, },
				{ 0.18024, 0.97396, -0.13754, 0.00000, -0.88025, 0.22211, 0.41931, 0.00000, 0.43894, 0.04549, 0.89737, 0.00000, 51.70475, 34.90848, -13.06105, 1.00000, },
				{ -0.41816, 0.75037, 0.51194, 0.00000, -0.47834, -0.66101, 0.57815, 0.00000, 0.77222, -0.00313, 0.63534, 0.00000, 53.02116, 34.55270, -13.80148, 1.00000, },
				{ -0.09364, -0.95107, 0.29445, 0.00000, 0.73636, -0.26521, -0.62245, 0.00000, 0.67008, 0.15854, 0.72516, 0.00000, 53.23463, 33.91228, -14.06159, 1.00000, },
				{ -0.88421, 0.19939, 0.42239, 0.00000, -0.15971, -0.97886, 0.12775, 0.00000, 0.43894, 0.04549, 0.89737, 0.00000, 52.13169, 34.33923, -13.24103, 1.00000, },
				{ 0.31604, 0.93415, -0.16580, 0.00000, -0.81070, 0.35667, 0.46427, 0.00000, 0.49283, -0.01232, 0.87004, 0.00000, 52.30959, 33.98344, -13.32841, 1.00000, },
				{ -0.81273, -0.26591, 0.51843, 0.00000, 0.40472, -0.89773, 0.17401, 0.00000, 0.41914, 0.35124, 0.83723, 0.00000, 51.63359, 35.01522, -13.03567, 1.00000, },
				{ 0.56780, -0.59919, -0.56442, 0.00000, 0.29358, 0.78799, -0.54119, 0.00000, 0.76903, 0.14159, 0.62333, 0.00000, 53.12789, 35.12195, -13.96908, 1.00000, },
				{ -0.83380, -0.35156, 0.42567, 0.00000, 0.33484, -0.93506, -0.11638, 0.00000, 0.43894, 0.04549, 0.89737, 0.00000, 52.09612, 34.44596, -13.22904, 1.00000, },
				{ 0.13695, 0.94945, 0.28248, 0.00000, -0.86640, -0.02344, 0.49881, 0.00000, 0.48021, -0.31305, 0.81939, 0.00000, 52.02496, 32.91609, -13.38251, 1.00000, },
				{ -0.82546, 0.30962, 0.47197, 0.00000, -0.27519, -0.95078, 0.14242, 0.00000, 0.49283, -0.01232, 0.87004, 0.00000, 52.30959, 33.80555, -13.33092, 1.00000, },
				{ -0.89688, 0.08244, 0.43452, 0.00000, -0.05421, -0.99556, 0.07699, 0.00000, 0.43894, 0.04549, 0.89737, 0.00000, 52.16727, 34.37481, -13.26023, 1.00000, },
				{ -0.46306, -0.85026, 0.25027, 0.00000, 0.73667, -0.52622, -0.42474, 0.00000, 0.49283, -0.01232, 0.87004, 0.00000, 52.23843, 33.84113, -13.29011, 1.00000, },
				{ -0.15965, 0.85576, 0.49213, 0.00000, -0.72753, -0.43895, 0.52728, 0.00000, 0.66724, -0.27386, 0.69267, 0.00000, 53.69715, 33.27187, -14.52450, 1.00000, },
				{ -0.59738, 0.33694, 0.72774, 0.00000, -0.21635, -0.94152, 0.25833, 0.00000, 0.77222, -0.00313, 0.63534, 0.00000, 53.05674, 34.62386, -13.84437, 1.00000, },
				{ -0.63341, 0.29987, 0.71335, 0.00000, -0.08591, -0.94341, 0.32029, 0.00000, 0.76903, 0.14159, 0.62333, 0.00000, 53.73272, 35.19311, -14.73145, 1.00000, },
				{ 0.52683, 0.58663, -0.61507, 0.00000, -0.52292, 0.79418, 0.30957, 0.00000, 0.67008, 0.15854, 0.72516, 0.00000, 53.94619, 34.23249, -14.78911, 1.00000, },
				{ 0.44629, -0.88492, -0.13318, 0.00000, 0.81057, 0.46280, -0.35889, 0.00000, 0.37922, 0.05222, 0.92383, 0.00000, 54.44429, 34.12576, -14.90550, 1.00000, },
				{ -0.73383, -0.40102, 0.54834, 0.00000, 0.12761, -0.87418, -0.46854, 0.00000, 0.66724, -0.27386, 0.69267, 0.00000, 53.69715, 33.23630, -14.53856, 1.00000, },
				{ 0.30701, -0.89845, -0.31390, 0.00000, 0.87089, 0.39823, -0.28804, 0.00000, 0.38380, -0.18494, 0.90471, 0.00000, 54.37314, 33.44977, -14.87642, 1.00000, },
				{ 0.49624, 0.82129, -0.28148, 0.00000, -0.84055, 0.53564, 0.08098, 0.00000, 0.21729, 0.19641, 0.95614, 0.00000, 54.23082, 34.01902, -14.83420, 1.00000, },
				{ 0.84156, 0.53583, 0.06826, 0.00000, -0.53785, 0.84292, 0.01418, 0.00000, -0.04994, -0.04864, 0.99757, 0.00000, 54.83566, 32.02663, -15.24809, 1.00000, },
				{ -0.63088, -0.76719, 0.11580, 0.00000, 0.72802, -0.63694, -0.25355, 0.00000, 0.26828, -0.07565, 0.96037, 0.00000, 54.15966, 32.56031, -14.96342, 1.00000, },
				{ -0.20494, -0.93921, -0.27547, 0.00000, 0.94181, -0.11261, -0.31672, 0.00000, 0.26645, -0.32435, 0.90763, 0.00000, 54.37314, 32.34684, -15.04176, 1.00000, },
				{ 0.43436, 0.63293, 0.64089, 0.00000, -0.36704, 0.77413, -0.51576, 0.00000, -0.82257, -0.01121, 0.56856, 0.00000, 55.19144, 31.59969, -15.00526, 1.00000, },
				{ 0.84478, 0.53076, 0.06817, 0.00000, -0.53278, 0.84613, 0.01459, 0.00000, -0.04994, -0.04864, 0.99757, 0.00000, 55.01355, 31.99105, -15.24092, 1.00000, },
				{ -0.94599, -0.26842, 0.18179, 0.00000, 0.18466, -0.90705, -0.37835, 0.00000, 0.26645, -0.32435, 0.90763, 0.00000, 54.76450, 32.31126, -15.16936, 1.00000, },
				{ 0.56666, 0.06769, 0.82116, 0.00000, -0.04768, 0.99764, -0.04933, 0.00000, -0.82257, -0.01121, 0.56856, 0.00000, 55.26260, 32.02663, -14.89390, 1.00000, },
				{ 0.93755, 0.24328, 0.24862, 0.00000, -0.23386, 0.96994, -0.06722, 0.00000, -0.25750, 0.00488, 0.96627, 0.00000, 54.58661, 30.63907, -15.39184, 1.00000, },
				{ 0.97658, -0.21513, 0.00138, 0.00000, 0.21051, 0.95689, 0.20012, 0.00000, -0.04438, -0.19515, 0.97977, 0.00000, 54.76450, 30.95928, -15.33024, 1.00000, },
				{ -0.96016, -0.18999, 0.20493, 0.00000, 0.08837, -0.90213, -0.42231, 0.00000, 0.26511, -0.38738, 0.88298, 0.00000, 53.05095, 29.36887, -15.33187, 1.00000, },
				{ 0.44549, 0.87396, 0.19425, 0.00000, -0.89418, 0.44510, 0.04815, 0.00000, -0.04438, -0.19515, 0.97977, 0.00000, 53.91062, 30.35444, -15.48938, 1.00000, },
				{ -0.99901, 0.01058, -0.04314, 0.00000, -0.00195, -0.98072, -0.19542, 0.00000, -0.04438, -0.19515, 0.97977, 0.00000, 54.83566, 31.06601, -15.30576, 1.00000, },
				{ 0.92552, -0.37766, 0.02792, 0.00000, 0.37539, 0.92466, 0.06388, 0.00000, -0.04994, -0.04864, 0.99757, 0.00000, 54.37314, 31.13717, -15.31462, 1.00000, },
				{ 0.21029, 0.97591, 0.05812, 0.00000, -0.97636, 0.21268, -0.03851, 0.00000, -0.04994, -0.04864, 0.99757, 0.00000, 54.33755, 31.49295, -15.29905, 1.00000, },
				{ -0.96587, -0.03047, -0.25724, 0.00000, 0.02818, -0.99952, 0.01256, 0.00000, -0.25750, 0.00488, 0.96627, 0.00000, 54.69334, 30.74581, -15.36393, 1.00000, },
				{ 0.97372, -0.22461, 0.03779, 0.00000, 0.22222, 0.97323, 0.05858, 0.00000, -0.04994, -0.04864, 0.99757, 0.00000, 54.94239, 32.02663, -15.24275, 1.00000, },
				{ 0.79871, -0.53990, -0.26565, 0.00000, 0.53860, 0.83832, -0.08442, 0.00000, 0.26828, -0.07565, 0.96037, 0.00000, 54.87123, 32.73820, -15.14819, 1.00000, },
				{ -0.92558, 0.37752, -0.02793, 0.00000, -0.37525, -0.92472, -0.06388, 0.00000, -0.04994, -0.04864, 0.99757, 0.00000, 54.72892, 31.91989, -15.25864, 1.00000, },
				{ 0.34221, 0.93752, 0.06285, 0.00000, -0.93829, 0.34452, -0.03017, 0.00000, -0.04994, -0.04864, 0.99757, 0.00000, 54.87123, 31.74200, -15.26019, 1.00000, },
				{ 0.53462, 0.32551, 0.77989, 0.00000, -0.19381, 0.94547, -0.26176, 0.00000, -0.82257, -0.01121, 0.56856, 0.00000, 55.33375, 31.63527, -14.79866, 1.00000, },
				{ -0.55424, -0.20799, -0.80595, 0.00000, 0.12728, -0.97807, 0.16487, 0.00000, -0.82257, -0.01121, 0.56856, 0.00000, 55.47607, 31.99105, -14.58576, 1.00000, },
				{ 0.41674, 0.90898, 0.00902, 0.00000, -0.82403, 0.37357, 0.42594, 0.00000, 0.38380, -0.18494, 0.90471, 0.00000, 54.37314, 32.95166, -14.97824, 1.00000, },
				{ -0.51086, -0.84613, -0.15194, 0.00000, 0.81707, -0.42296, -0.39180, 0.00000, 0.26725, -0.32431, 0.90742, 0.00000, 53.51925, 31.17275, -15.21031, 1.00000, },
				{ 0.06482, -0.97193, -0.22618, 0.00000, 0.92114, 0.14545, -0.36104, 0.00000, 0.38380, -0.18494, 0.90471, 0.00000, 54.23082, 33.55650, -14.79423, 1.00000, },
				{ -0.18944, -0.93730, -0.29256, 0.00000, 0.53618, -0.34836, 0.76887, 0.00000, -0.82257, -0.01121, 0.56856, 0.00000, 55.19144, 31.88432, -14.99965, 1.00000, },
