local industryutil = require "industryutil"

--Begin Generated
local generatedData = {
	["level1"] = {
		models = {
			["animal/cow.mdl"] = {
				{ -0.13175, -0.99128, 0.00000, 0.00000, 0.99128, -0.13175, 0.00000, 0.00000, -0.00000, 0.00000, 1.00000, 0.00000, 70.65000, 30.65000, 0.00000, 1.00000 },
				{ -0.24141, 0.97042, 0.00000, 0.00000, -0.97042, -0.24141, 0.00000, 0.00000, 0.00000, -0.00000, 1.00000, 0.00000, 70.43333, -28.73333, -0.00000, 1.00000 },
				{ -0.61225, 0.79067, 0.00000, 0.00000, -0.79067, -0.61225, 0.00000, 0.00000, 0.00000, 0.00000, 1.00000, 0.00000, 75.33334, -24.83333, -0.00000, 1.00000 },
				{ -0.20916, -0.97788, 0.00000, 0.00000, 0.97788, -0.20916, 0.00000, 0.00000, -0.00000, 0.00000, 1.00000, 0.00000, 72.40000, 26.30000, 0.00000, 1.00000 },
				{ 0.87343, 0.48694, 0.00000, 0.00000, -0.48694, 0.87343, 0.00000, 0.00000, 0.00000, -0.00000, 1.00000, 0.00000, 68.68333, -24.38333, -0.00000, 1.00000 },
				{ 0.11283, 0.99361, 0.00000, 0.00000, -0.99361, 0.11283, 0.00000, 0.00000, 0.00000, -0.00000, 1.00000, 0.00000, 73.58334, -20.48333, -0.00000, 1.00000 },
			},
			["animal/cow_2.mdl"] = {
				{ -0.82551, 0.56439, 0.00000, 0.00000, -0.56439, -0.82551, 0.00000, 0.00000, 0.00000, 0.00000, 1.00000, 0.00000, 71.40000, 14.20000, 0.00000, 1.00000 },
				{ 0.89341, -0.44924, 0.00000, 0.00000, 0.44924, 0.89341, 0.00000, 0.00000, -0.00000, -0.00000, 1.00000, 0.00000, 69.68333, -12.28333, 0.00000, 1.00000 },
				{ 0.97090, 0.23949, -0.00000, 0.00000, -0.23949, 0.97090, 0.00000, 0.00000, 0.00000, -0.00000, 1.00000, 0.00000, 73.10000, 8.70000, 0.00000, 1.00000 },
			},
			["animal/horse.mdl"] = {
				{ -0.21474, -0.97667, 0.00000, 0.00000, 0.97667, -0.21474, 0.00000, 0.00000, -0.00000, 0.00000, 1.00000, 0.00000, -43.80000, -28.00000, 0.00000, 1.00000 },
				{ -0.99781, -0.06616, 0.00000, 0.00000, 0.06616, -0.99781, 0.00000, 0.00000, 0.00000, 0.00000, 1.00000, 0.00000, -59.30000, -13.20000, 0.00000, 1.00000 },
				{ -0.71993, 0.69405, 0.00000, 0.00000, -0.69405, -0.71993, 0.00000, 0.00000, 0.00000, 0.00000, 1.00000, 0.00000, -55.30000, -21.00000, 0.00000, 1.00000 },
				{ -0.23945, -0.97091, 0.00000, 0.00000, 0.97091, -0.23945, 0.00000, 0.00000, -0.00000, 0.00000, 1.00000, 0.00000, -62.83000, -36.17000, 0.53000, 1.00000 },
			},
			["animal/sheep.mdl"] = {
				{ -0.18482, -0.98277, 0.00000, 0.00000, 0.98277, -0.18482, 0.00000, 0.00000, -0.00000, 0.00000, 1.00000, 0.00000, 39.80000, -41.20000, 0.00000, 1.00000 },
				{ -0.47265, -0.88125, 0.00000, 0.00000, 0.88125, -0.47265, 0.00000, 0.00000, -0.00000, 0.00000, 1.00000, 0.00000, 46.00000, -43.50000, 0.00000, 1.00000 },
				{ 0.31199, -0.95008, 0.00000, 0.00000, 0.95008, 0.31199, 0.00000, 0.00000, -0.00000, 0.00000, 1.00000, 0.00000, 52.20000, -48.45000, 0.00000, 1.00000 },
				{ -0.60225, -0.79831, 0.00000, 0.00000, 0.79831, -0.60225, 0.00000, 0.00000, -0.00000, 0.00000, 1.00000, 0.00000, 43.30000, -43.30000, 0.00000, 1.00000 },
				{ -0.42038, -0.90735, 0.00000, 0.00000, 0.90735, -0.42038, 0.00000, 0.00000, -0.00000, 0.00000, 1.00000, 0.00000, 51.40000, -39.30000, 0.00000, 1.00000 },
				{ 0.62345, -0.78187, 0.00000, 0.00000, 0.78187, 0.62345, 0.00000, 0.00000, -0.00000, -0.00000, 1.00000, 0.00000, 46.60000, -40.00000, 0.00000, 1.00000 },
				{ -0.74314, -0.66914, 0.00000, 0.00000, 0.66914, -0.74314, 0.00000, 0.00000, -0.00000, 0.00000, 1.00000, 0.00000, 52.80000, -42.30000, 0.00000, 1.00000 },
				{ -0.92009, -0.39170, 0.00000, 0.00000, 0.39170, -0.92009, 0.00000, 0.00000, -0.00000, 0.00000, 1.00000, 0.00000, 50.10000, -42.10000, 0.00000, 1.00000 },
				{ -0.43490, -0.90048, 0.00000, 0.00000, 0.90048, -0.43490, 0.00000, 0.00000, -0.00000, 0.00000, 1.00000, 0.00000, 58.20000, -38.10000, 0.00000, 1.00000 },
			},
			["asset/ground/barrel_steel.mdl"] = {
				{ 1.00000, 0.00000, 0.00000, 0.00000, 0.00000, 1.00000, 0.00000, 0.00000, 0.00000, 0.00000, 1.00000, 0.00000, 5.58000, 49.24000, -0.00000, 1.00000 },
				{ -0.58637, 0.81004, 0.00000, 0.00000, -0.81004, -0.58637, 0.00000, 0.00000, 0.00000, 0.00000, 1.00000, 0.00000, 41.49472, -9.00521, -0.00000, 1.00000 },
				{ 1.00000, 0.00000, 0.00000, 0.00000, 0.00000, 1.00000, 0.00000, 0.00000, 0.00000, 0.00000, 1.00000, 0.00000, 5.28000, 50.34000, -0.00000, 1.00000 },
				{ -0.58637, 0.81004, 0.00000, 0.00000, -0.81004, -0.58637, 0.00000, 0.00000, 0.00000, 0.00000, 1.00000, 0.00000, 40.35456, -8.99835, -0.00000, 1.00000 },
				{ 1.00000, 0.00000, 0.00000, 0.00000, 0.00000, 1.00000, 0.00000, 0.00000, 0.00000, 0.00000, 1.00000, 0.00000, 4.68000, 49.64000, -0.00000, 1.00000 },
				{ 1.00000, 0.00000, 0.00000, 0.00000, 0.00000, 1.00000, 0.00000, 0.00000, 0.00000, 0.00000, 1.00000, 0.00000, 5.98000, 47.84000, -0.00000, 1.00000 },
				{ -0.58637, 0.81004, 0.00000, 0.00000, -0.81004, -0.58637, 0.00000, 0.00000, 0.00000, 0.00000, 1.00000, 0.00000, 42.95071, -8.99644, -0.00000, 1.00000 },
				{ 1.00000, -0.00175, 0.00000, 0.00000, 0.00175, 1.00000, -0.00175, 0.00000, 0.00000, 0.00175, 1.00000, 0.00000, 5.03000, 48.19000, -0.00000, 1.00000 },
				{ 1.00000, 0.00000, 0.00000, 0.00000, 0.00000, -0.00000, 1.00000, 0.00000, 0.00000, -1.00000, -0.00000, 0.00000, 3.88000, 50.94000, 0.41000, 1.00000 },
			},
			["asset/ground/barrel_wood.mdl"] = {
				{ 0.96815, 0.25038, 0.00000, 0.00000, -0.25038, 0.96815, -0.00175, 0.00000, -0.00044, 0.00169, 1.00000, 0.00000, -2.20000, -6.95000, 1.65000, 1.00000 },
				{ 1.00000, 0.00000, 0.00000, 0.00000, 0.00000, 1.00000, 0.00000, 0.00000, 0.00000, 0.00000, 1.00000, 0.00000, -1.55000, -8.10000, -0.00000, 1.00000 },
				{ 0.96815, 0.25038, 0.00000, 0.00000, -0.25038, 0.96815, -0.00175, 0.00000, -0.00044, 0.00169, 1.00000, 0.00000, -1.25000, -7.45000, 1.65000, 1.00000 },
				{ -0.00000, 0.00000, 1.00000, 0.00000, 0.00000, 1.00000, 0.00000, 0.00000, -1.00000, 0.00000, -0.00000, 0.00000, 0.80000, -8.50000, 0.55000, 1.00000 },
				{ 0.96815, 0.25038, 0.00000, 0.00000, -0.25038, 0.96815, -0.00175, 0.00000, -0.00044, 0.00169, 1.00000, 0.00000, -2.65000, -6.40000, -0.00000, 1.00000 },
				{ 1.00000, 0.00000, 0.00000, 0.00000, 0.00000, 1.00000, 0.00000, 0.00000, 0.00000, 0.00000, 1.00000, 0.00000, -1.60000, -6.90000, -0.00000, 1.00000 },
				{ 1.00000, 0.00000, 0.00000, 0.00000, 0.00000, 1.00000, 0.00000, 0.00000, 0.00000, 0.00000, 1.00000, 0.00000, -0.60000, -7.30000, -0.00000, 1.00000 },
				{ 0.96815, 0.25038, 0.00000, 0.00000, -0.25038, 0.96815, -0.00175, 0.00000, -0.00044, 0.00169, 1.00000, 0.00000, -2.50000, -7.50000, -0.00000, 1.00000 },
			},
			["asset/ground/container_wood.mdl"] = {
				{ 0.46020, 0.88782, 0.00000, 0.00000, -0.88782, 0.46020, 0.00000, 0.00000, 0.00000, 0.00000, 1.00000, 0.00000, -22.90000, 5.00000, -0.00000, 1.00000 },
				{ 0.99996, -0.00873, -0.00000, 0.00000, 0.00873, 0.99996, -0.00000, 0.00000, 0.00000, 0.00000, 1.00000, 0.00000, 57.04997, 6.59259, -0.00000, 1.00000 },
				{ 0.01571, 0.99988, 0.00000, 0.00000, -0.99988, 0.01571, -0.00000, 0.00000, -0.00000, -0.00000, 1.00000, 0.00000, 1.33673, 48.45514, -0.00000, 1.00000 },
				{ 0.99996, -0.00873, -0.00000, 0.00000, 0.00873, 0.99996, -0.00000, 0.00000, 0.00000, 0.00000, 1.00000, 0.00000, 54.55002, 6.60741, 0.00000, 1.00000 },
				{ 0.01571, 0.99988, 0.00000, 0.00000, -0.99988, 0.01571, -0.00000, 0.00000, -0.00000, -0.00000, 1.00000, 0.00000, 1.30445, 45.95535, -0.00000, 1.00000 },
				{ 0.99792, 0.06453, 0.00000, 0.00000, -0.06453, 0.99792, 0.00000, 0.00000, 0.00000, 0.00000, 1.00000, 0.00000, 60.01359, 6.32984, -0.00000, 1.00000 },
				{ 0.05408, -0.99854, 0.00000, 0.00000, 0.99854, 0.05408, 0.00000, 0.00000, 0.00000, 0.00000, 1.00000, 0.00000, -0.25665, 48.54493, -0.00000, 1.00000 },
				{ 0.99834, -0.05756, 0.00000, 0.00000, 0.05756, 0.99834, 0.00000, 0.00000, 0.00000, 0.00000, 1.00000, 0.00000, 62.51304, 6.42814, -0.00000, 1.00000 },
				{ -0.06802, -0.99768, 0.00000, 0.00000, 0.99768, -0.06802, 0.00000, 0.00000, 0.00000, 0.00000, 1.00000, 0.00000, -0.18452, 46.04458, -0.00000, 1.00000 },
			},
			["asset/ground/garden_bench_stone_01.mdl"] = {
				{ 0.92388, 0.38268, 0.00000, 0.00000, -0.38268, 0.92388, 0.00000, 0.00000, 0.00000, 0.00000, 1.00000, 0.00000, 5.20000, -19.05000, 0.30000, 1.00000 },
				{ 0.36650, -0.93042, 0.00000, 0.00000, 0.93042, 0.36650, 0.00000, 0.00000, 0.00000, 0.00000, 1.00000, 0.00000, 3.16000, -18.14000, 0.30000, 1.00000 },
			},
			["asset/ground/garden_bench_wood_01.mdl"] = {
				{ 0.91706, -0.39875, 0.00000, 0.00000, 0.39875, 0.91706, 0.00000, 0.00000, 0.00000, 0.00000, 1.00000, 0.00000, -27.25000, 2.35000, 0.00000, 1.00000 },
			},
			["asset/ground/garden_chair_metal_01.mdl"] = {
				{ 1.00000, 0.00000, 0.00000, 0.00000, 0.00000, 1.00000, 0.00000, 0.00000, 0.00000, 0.00000, 1.00000, 0.00000, -19.76000, 24.71000, 0.00000, 1.00000 },
				{ -1.00000, -0.00000, 0.00000, 0.00000, 0.00000, -1.00000, 0.00000, 0.00000, 0.00000, 0.00000, 1.00000, 0.00000, -18.29000, 22.05000, -0.00000, 1.00000 },
				{ 0.04885, 0.99881, 0.00000, 0.00000, -0.99881, 0.04885, 0.00000, 0.00000, 0.00000, 0.00000, 1.00000, 0.00000, -20.71000, 23.35000, 0.00000, 1.00000 },
				{ -0.86777, 0.49697, 0.00000, 0.00000, -0.49697, -0.86777, 0.00000, 0.00000, 0.00000, 0.00000, 1.00000, 0.00000, -19.62000, 22.63000, 0.00000, 1.00000 },
				{ -0.04885, -0.99881, 0.00000, 0.00000, 0.99881, -0.04885, 0.00000, 0.00000, 0.00000, 0.00000, 1.00000, 0.00000, -17.34000, 23.41000, -0.00000, 1.00000 },
			},
			["asset/ground/garden_table_round_metal_01.mdl"] = {
				{ 1.00000, 0.00000, 0.00000, 0.00000, 0.00000, 1.00000, 0.00000, 0.00000, 0.00000, 0.00000, 1.00000, 0.00000, -19.68000, 23.70000, 0.00000, 1.00000 },
				{ -1.00000, -0.00000, 0.00000, 0.00000, 0.00000, -1.00000, 0.00000, 0.00000, 0.00000, 0.00000, 1.00000, 0.00000, -18.37000, 23.06000, 0.00000, 1.00000 },
			},
			["asset/industry/pallet_01.mdl"] = {
				{ 0.98570, 0.16849, 0.00000, 0.00000, -0.16849, 0.98570, 0.00000, 0.00000, 0.00000, 0.00000, 1.00000, 0.00000, -3.36000, -2.80000, 0.00000, 1.00000 },
				{ 0.71325, 0.70091, 0.00000, 0.00000, -0.70091, 0.71325, 0.00000, 0.00000, 0.00000, 0.00000, 1.00000, 0.00000, -12.35000, 42.12000, 0.00000, 1.00000 },
				{ 0.05234, 0.99863, 0.00000, 0.00000, -0.99863, 0.05234, 0.00000, 0.00000, 0.00000, 0.00000, 1.00000, 0.00000, 61.48000, -9.00000, 0.00000, 1.00000 },
				{ 0.05234, 0.99863, 0.00000, 0.00000, -0.99863, 0.05234, 0.00000, 0.00000, 0.00000, 0.00000, 1.00000, 0.00000, 58.87000, -8.93000, 0.00000, 1.00000 },
				{ 0.98570, 0.16849, 0.00000, 0.00000, -0.16849, 0.98570, 0.00000, 0.00000, 0.00000, 0.00000, 1.00000, 0.00000, -3.36000, -2.80000, 0.17000, 1.00000 },
				{ 0.71325, 0.70091, 0.00000, 0.00000, -0.70091, 0.71325, 0.00000, 0.00000, 0.00000, 0.00000, 1.00000, 0.00000, -12.35000, 42.12000, 0.17000, 1.00000 },
				{ 0.99975, -0.01396, -0.01745, 0.00000, 0.01823, 0.96117, 0.27536, 0.00000, 0.01293, -0.27561, 0.96118, 0.00000, -3.36000, -3.56000, 0.25000, 1.00000 },
				{ 0.82891, 0.55919, -0.01447, 0.00000, -0.53264, 0.79692, 0.28498, 0.00000, 0.17089, -0.22851, 0.95843, 0.00000, -12.35000, 41.36000, 0.25000, 1.00000 },
				{ -0.99863, 0.05234, 0.00000, 0.00000, -0.05234, -0.99863, 0.00000, 0.00000, 0.00000, 0.00000, 1.00000, 0.00000, 62.77515, -8.89132, 0.00000, 1.00000 },
				{ -0.99863, 0.05234, 0.00000, 0.00000, -0.05234, -0.99863, 0.00000, 0.00000, 0.00000, 0.00000, 1.00000, 0.00000, 60.18864, -8.92450, 0.00000, 1.00000 },
				{ -0.99863, 0.05234, 0.00000, 0.00000, -0.05234, -0.99863, 0.00000, 0.00000, 0.00000, 0.00000, 1.00000, 0.00000, 61.49930, -8.89891, 0.14458, 1.00000 },
				{ -0.99863, 0.05234, 0.00000, 0.00000, -0.05234, -0.99863, 0.00000, 0.00000, 0.00000, 0.00000, 1.00000, 0.00000, 62.68827, -8.92309, 0.14458, 1.00000 },
				{ -0.99863, 0.05234, 0.00000, 0.00000, -0.05234, -0.99863, 0.00000, 0.00000, 0.00000, 0.00000, 1.00000, 0.00000, 60.14487, -8.93413, 0.14458, 1.00000 },
				{ -0.99863, 0.05234, 0.00000, 0.00000, -0.05234, -0.99863, 0.00000, 0.00000, 0.00000, 0.00000, 1.00000, 0.00000, 61.48801, -8.94077, 0.28916, 1.00000 },
				{ -0.99863, 0.05234, 0.00000, 0.00000, -0.05234, -0.99863, 0.00000, 0.00000, 0.00000, 0.00000, 1.00000, 0.00000, 62.76905, -8.93593, 0.28916, 1.00000 },
				{ -0.99863, 0.05234, 0.00000, 0.00000, -0.05234, -0.99863, 0.00000, 0.00000, 0.00000, 0.00000, 1.00000, 0.00000, 60.11494, -8.91698, 0.28916, 1.00000 },
				{ -0.99863, 0.05234, 0.00000, 0.00000, -0.05234, -0.99863, 0.00000, 0.00000, 0.00000, 0.00000, 1.00000, 0.00000, 61.47514, -8.90627, 0.43373, 1.00000 },
				{ -0.99863, 0.05234, 0.00000, 0.00000, -0.05234, -0.99863, 0.00000, 0.00000, 0.00000, 0.00000, 1.00000, 0.00000, 62.68710, -8.92867, 0.43373, 1.00000 },
				{ -0.99863, 0.05234, 0.00000, 0.00000, -0.05234, -0.99863, 0.00000, 0.00000, 0.00000, 0.00000, 1.00000, 0.00000, 60.10443, -8.91607, 0.43373, 1.00000 },
				{ -0.99863, 0.05234, 0.00000, 0.00000, -0.05234, -0.99863, 0.00000, 0.00000, 0.00000, 0.00000, 1.00000, 0.00000, 61.45219, -8.89660, 0.57831, 1.00000 },
				{ -0.99863, 0.05234, 0.00000, 0.00000, -0.05234, -0.99863, 0.00000, 0.00000, 0.00000, 0.00000, 1.00000, 0.00000, 62.78162, -8.94023, 0.57831, 1.00000 },
				{ -0.99863, 0.05234, 0.00000, 0.00000, -0.05234, -0.99863, 0.00000, 0.00000, 0.00000, 0.00000, 1.00000, 0.00000, 60.12718, -8.94611, 0.57831, 1.00000 },
				{ -0.99863, 0.05234, 0.00000, 0.00000, -0.05234, -0.99863, 0.00000, 0.00000, 0.00000, 0.00000, 1.00000, 0.00000, 61.52768, -8.89562, 0.72289, 1.00000 },
				{ -0.99863, 0.05234, 0.00000, 0.00000, -0.05234, -0.99863, 0.00000, 0.00000, 0.00000, 0.00000, 1.00000, 0.00000, 62.69750, -8.89641, 0.72289, 1.00000 },
				{ -0.99863, 0.05234, 0.00000, 0.00000, -0.05234, -0.99863, 0.00000, 0.00000, 0.00000, 0.00000, 1.00000, 0.00000, 60.18106, -8.92627, 0.72289, 1.00000 },
				{ -0.99863, 0.05234, 0.00000, 0.00000, -0.05234, -0.99863, 0.00000, 0.00000, 0.00000, 0.00000, 1.00000, 0.00000, 61.50731, -8.94555, 0.86747, 1.00000 },
				{ -0.99863, 0.05234, 0.00000, 0.00000, -0.05234, -0.99863, 0.00000, 0.00000, 0.00000, 0.00000, 1.00000, 0.00000, 62.71572, -8.94623, 0.86747, 1.00000 },
				{ -0.99863, 0.05234, 0.00000, 0.00000, -0.05234, -0.99863, 0.00000, 0.00000, 0.00000, 0.00000, 1.00000, 0.00000, 60.15884, -8.91285, 0.86747, 1.00000 },
				{ -0.99863, 0.05234, 0.00000, 0.00000, -0.05234, -0.99863, 0.00000, 0.00000, 0.00000, 0.00000, 1.00000, 0.00000, 61.50510, -8.89959, 1.01205, 1.00000 },
				{ -0.99863, 0.05234, 0.00000, 0.00000, -0.05234, -0.99863, 0.00000, 0.00000, 0.00000, 0.00000, 1.00000, 0.00000, 62.69601, -8.92145, 1.01205, 1.00000 },
				{ 0.57645, -0.01300, 0.81703, 0.00000, -0.08315, -0.99562, 0.04282, 0.00000, 0.81289, -0.09262, -0.57501, 0.00000, 59.25000, -8.90895, 0.65000, 1.00000 },
			},
			["asset/industry/wooden_box_02.mdl"] = {
				{ 0.90996, -0.41469, 0.00000, 0.00000, 0.41469, 0.90996, 0.00000, 0.00000, 0.00000, 0.00000, 1.00000, 0.00000, 9.20000, 47.15000, 0.00000, 1.00000 },
				{ 0.99144, -0.13053, 0.00000, 0.00000, 0.13053, 0.99144, 0.00000, 0.00000, 0.00000, 0.00000, 1.00000, 0.00000, 9.55000, 48.69999, 0.00000, 1.00000 },
				{ 1.00000, 0.00000, 0.00000, 0.00000, 0.00000, 1.00000, 0.00000, 0.00000, 0.00000, 0.00000, 1.00000, 0.00000, 7.90000, 48.10000, 0.00000, 1.00000 },
				{ 0.97815, 0.20791, 0.00000, 0.00000, -0.20791, 0.97815, 0.00000, 0.00000, 0.00000, 0.00000, 1.00000, 0.00000, 8.15000, 49.69999, 0.00000, 1.00000 },
				{ 0.98769, 0.15643, 0.00000, 0.00000, -0.15643, 0.98769, 0.00000, 0.00000, 0.00000, 0.00000, 1.00000, 0.00000, 9.50000, 50.30000, 0.00000, 1.00000 },
				{ 0.95372, 0.30071, 0.00000, 0.00000, -0.30071, 0.95372, 0.00000, 0.00000, 0.00000, 0.00000, 1.00000, 0.00000, 8.90000, 49.15000, 0.90000, 1.00000 },
			},
			["asset/industry/wooden_box_03.mdl"] = {
				{ 0.81412, 0.58070, 0.00000, 0.00000, -0.58070, 0.81412, 0.00000, 0.00000, 0.00000, 0.00000, 1.00000, 0.00000, 3.06000, -5.60000, 0.00000, 1.00000 },
				{ 0.66913, 0.74314, 0.00000, 0.00000, -0.74314, 0.66913, 0.00000, 0.00000, 0.00000, 0.00000, 1.00000, 0.00000, 3.38000, -4.26000, 0.00000, 1.00000 },
				{ 0.94552, -0.32557, 0.00000, 0.00000, 0.32557, 0.94552, 0.00000, 0.00000, 0.00000, 0.00000, 1.00000, 0.00000, 4.70000, -5.90000, 0.00000, 1.00000 },
				{ 0.99255, 0.12187, 0.00000, 0.00000, -0.12187, 0.99255, 0.00000, 0.00000, 0.00000, 0.00000, 1.00000, 0.00000, -25.44000, -11.14000, 0.00000, 1.00000 },
				{ 0.99255, 0.12187, 0.00000, 0.00000, -0.12187, 0.99255, 0.00000, 0.00000, 0.00000, 0.00000, 1.00000, 0.00000, 31.70000, 14.00000, 0.00000, 1.00000 },
				{ 0.99939, -0.03490, 0.00000, 0.00000, 0.03490, 0.99939, 0.00000, 0.00000, 0.00000, 0.00000, 1.00000, 0.00000, 31.73000, 14.02000, 1.00000, 1.00000 },
			},
			["asset/rocks/rock_granite_01.mdl"] = {
				{ 1.00000, 0.00000, 0.00000, 0.00000, 0.00000, 1.00000, -0.00000, 0.00000, 0.00000, 0.00000, 1.00000, 0.00000, -72.30000, -11.37000, -0.64000, 1.00000 },
			},
			["asset/rocks/rock_granite_02.mdl"] = {
				{ 0.98629, 0.00000, -0.16505, 0.00000, -0.00000, 1.00000, -0.00000, 0.00000, 0.16505, 0.00000, 0.98629, 0.00000, 6.11000, -15.74000, -0.19000, 1.00000 },
			},
			["asset/rocks/rock_granite_03.mdl"] = {
				{ 1.42500, 0.00000, 0.00000, 0.00000, 0.00000, 1.42500, -0.00000, 0.00000, 0.00000, 0.00000, 1.42500, 0.00000, -71.56000, -6.40000, -1.07000, 1.00000 },
			},
			["industry/farm/barn_large.mdl"] = {
				{ -0.99357, -0.11320, 0.00000, 0.00000, 0.11320, -0.99357, 0.00000, 0.00000, 0.00000, 0.00000, 1.00000, 0.00000, -31.20000, -17.50000, 0.00000, 1.00000 },
			},
			["industry/farm/barn_open.mdl"] = {
				{ 0.99985, 0.01745, 0.00000, 0.00000, -0.01745, 0.99985, 0.00000, 0.00000, 0.00000, 0.00000, 1.00000, 0.00000, 0.70000, 2.50000, 0.00000, 1.00000 },
				{ -0.00175, 1.00000, 0.00000, 0.00000, -1.00000, -0.00175, -0.00000, 0.00000, 0.00000, -0.00000, 1.00000, 0.00000, -1.35000, 46.39747, -0.00000, 1.00000 },
			},
			["industry/farm/barn_small.mdl"] = {
				{ -0.44620, -0.89493, 0.00000, 0.00000, 0.89493, -0.44620, -0.00000, 0.00000, 0.00000, -0.00000, 1.00000, 0.00000, -25.40000, 13.10000, 0.00000, 1.00000 },
			},
			["industry/farm/cesspit.mdl"] = {
				{ 0.01396, 0.99990, 0.00000, 0.00000, -0.99990, 0.01396, 0.00000, 0.00000, 0.00000, 0.00000, 1.00000, 0.00000, 54.70000, 43.10000, 0.00000, 1.00000 },
			},
			["industry/farm/cow_barn.mdl"] = {
				{ -0.00000, 1.00000, 0.00000, 0.00000, -1.00000, -0.00000, 0.00000, 0.00000, 0.00000, 0.00000, 1.00000, 0.00000, 48.30000, 19.80000, 0.00000, 1.00000 },
				{ -0.00000, 1.00000, 0.00000, 0.00000, -1.00000, -0.00000, 0.00000, 0.00000, 0.00000, 0.00000, 1.00000, 0.00000, 48.30000, -21.60000, 0.00000, 1.00000 },
			},
			["industry/farm/cow_barn_cort.mdl"] = {
				{ -0.00000, 1.00000, 0.00000, 0.00000, -1.00000, -0.00000, 0.00000, 0.00000, 0.00000, 0.00000, 1.00000, 0.00000, 48.30000, 19.80000, 0.00000, 1.00000 },
				{ -0.00000, 1.00000, 0.00000, 0.00000, -1.00000, -0.00000, 0.00000, 0.00000, 0.00000, 0.00000, 1.00000, 0.00000, 48.30000, -21.60000, 0.00000, 1.00000 },
			},
			["industry/farm/fence.mdl"] = {
				{ -0.09585, -0.99540, 0.00000, 0.00000, 0.99540, -0.09585, 0.00000, 0.00000, 0.00000, 0.00000, 1.00000, 0.00000, 32.40054, -35.87947, 0.00000, 1.00000 },
				{ 0.09585, 0.99540, -0.00000, 0.00000, -0.99540, 0.09585, 0.00000, 0.00000, 0.00000, 0.00000, 1.00000, 0.00000, -35.52000, -34.10000, 0.00000, 1.00000 },
				{ 0.98629, 0.16505, -0.00000, 0.00000, -0.16505, 0.98629, 0.00000, 0.00000, 0.00000, -0.00000, 1.00000, 0.00000, -55.98752, -47.24211, 0.00000, 1.00000 },
				{ 0.27899, -0.96029, -0.00000, 0.00000, 0.96029, 0.27899, 0.00000, 0.00000, -0.00000, -0.00000, 1.00000, 0.00000, -73.80552, -30.78603, 0.00000, 1.00000 },
				{ -0.21132, -0.97742, -0.00000, 0.00000, 0.97742, -0.21132, 0.00000, 0.00000, -0.00000, -0.00000, 1.00000, 0.00000, -64.50061, -12.39865, 0.00000, 1.00000 },
				{ 0.22495, 0.97437, -0.00000, 0.00000, -0.97437, 0.22495, 0.00000, 0.00000, 0.00000, 0.00000, 1.00000, 0.00000, -36.14000, -38.24000, 0.00000, 1.00000 },
				{ 0.99939, 0.03490, -0.00000, 0.00000, -0.03490, 0.99939, 0.00000, 0.00000, 0.00000, -0.00000, 1.00000, 0.00000, -60.14693, -47.71474, 0.00000, 1.00000 },
				{ 0.15126, -0.98849, -0.00000, 0.00000, 0.98849, 0.15126, 0.00000, 0.00000, -0.00000, -0.00000, 1.00000, 0.00000, -74.76021, -26.71018, 0.00000, 1.00000 },
				{ -0.33710, -0.94147, -0.00000, 0.00000, 0.94147, -0.33710, 0.00000, 0.00000, -0.00000, -0.00000, 1.00000, 0.00000, -63.40183, -8.35926, 0.00000, 1.00000 },
				{ 0.22495, 0.97437, -0.00000, 0.00000, -0.97437, 0.22495, 0.00000, 0.00000, 0.00000, 0.00000, 1.00000, 0.00000, -37.10000, -42.32000, 0.00000, 1.00000 },
				{ 0.99939, 0.03490, -0.00000, 0.00000, -0.03490, 0.99939, 0.00000, 0.00000, 0.00000, -0.00000, 1.00000, 0.00000, -64.33637, -47.84344, 0.00000, 1.00000 },
				{ 0.15126, -0.98849, -0.00000, 0.00000, 0.98849, 0.15126, 0.00000, 0.00000, -0.00000, -0.00000, 1.00000, 0.00000, -75.37681, -22.56436, 0.00000, 1.00000 },
				{ -0.33710, -0.94147, -0.00000, 0.00000, 0.94147, -0.33710, 0.00000, 0.00000, -0.00000, -0.00000, 1.00000, 0.00000, -61.97237, -4.41913, 0.00000, 1.00000 },
				{ 0.98902, 0.14781, -0.00000, 0.00000, -0.14781, 0.98902, 0.00000, 0.00000, 0.00000, -0.00000, 1.00000, 0.00000, -39.65000, -44.70000, 0.00000, 1.00000 },
				{ 0.40514, -0.91425, -0.00000, 0.00000, 0.91425, 0.40514, 0.00000, 0.00000, -0.00000, -0.00000, 1.00000, 0.00000, -67.30992, -46.00401, 0.00000, 1.00000 },
				{ -0.86427, -0.50302, -0.00000, 0.00000, 0.50302, -0.86427, 0.00000, 0.00000, -0.00000, 0.00000, 1.00000, 0.00000, -73.88751, -19.41017, 0.00000, 1.00000 },
				{ -0.99951, -0.03141, -0.00000, 0.00000, 0.03141, -0.99951, 0.00000, 0.00000, -0.00000, 0.00000, 1.00000, 0.00000, -59.16210, -2.35289, 0.00000, 1.00000 },
				{ 0.98902, 0.14781, -0.00000, 0.00000, -0.14781, 0.98902, 0.00000, 0.00000, 0.00000, -0.00000, 1.00000, 0.00000, -43.75000, -45.35000, 0.00000, 1.00000 },
				{ 0.40514, -0.91425, -0.00000, 0.00000, 0.91425, 0.40514, 0.00000, 0.00000, -0.00000, -0.00000, 1.00000, 0.00000, -69.02537, -42.22383, 0.00000, 1.00000 },
				{ -0.86427, -0.50302, -0.00000, 0.00000, 0.50302, -0.86427, 0.00000, 0.00000, -0.00000, 0.00000, 1.00000, 0.00000, -70.31841, -17.29027, -0.00000, 1.00000 },
				{ -0.99951, -0.03141, -0.00000, 0.00000, 0.03141, -0.99951, 0.00000, 0.00000, -0.00000, 0.00000, 1.00000, 0.00000, -55.01427, -2.18568, -0.00000, 1.00000 },
				{ 0.98902, 0.14781, -0.00000, 0.00000, -0.14781, 0.98902, 0.00000, 0.00000, 0.00000, -0.00000, 1.00000, 0.00000, -47.70000, -46.00000, 0.00000, 1.00000 },
				{ 0.40514, -0.91425, -0.00000, 0.00000, 0.91425, 0.40514, 0.00000, 0.00000, -0.00000, -0.00000, 1.00000, 0.00000, -70.70097, -38.58827, 0.00000, 1.00000 },
				{ -0.86427, -0.50302, -0.00000, 0.00000, 0.50302, -0.86427, 0.00000, 0.00000, -0.00000, 0.00000, 1.00000, 0.00000, -66.88866, -15.22584, -0.00000, 1.00000 },
				{ -0.99951, -0.03141, -0.00000, 0.00000, 0.03141, -0.99951, 0.00000, 0.00000, -0.00000, 0.00000, 1.00000, 0.00000, -51.01541, -2.00097, -0.00000, 1.00000 },
				{ 0.98902, 0.14781, -0.00000, 0.00000, -0.14781, 0.98902, 0.00000, 0.00000, 0.00000, -0.00000, 1.00000, 0.00000, -51.80000, -46.60000, 0.00000, 1.00000 },
				{ 0.40514, -0.91425, -0.00000, 0.00000, 0.91425, 0.40514, 0.00000, 0.00000, -0.00000, -0.00000, 1.00000, 0.00000, -72.36821, -34.79481, 0.00000, 1.00000 },
				{ -0.99951, -0.03141, -0.00000, 0.00000, 0.03141, -0.99951, 0.00000, 0.00000, -0.00000, 0.00000, 1.00000, 0.00000, -46.87341, -1.88342, -0.00000, 1.00000 },
				{ -0.98902, -0.14781, 0.00000, 0.00000, 0.14781, -0.98902, 0.00000, 0.00000, 0.00000, 0.00000, 1.00000, 0.00000, -42.75000, -1.60000, 0.00000, 1.00000 },
				{ -0.98902, -0.14781, 0.00000, 0.00000, 0.14781, -0.98902, 0.00000, 0.00000, 0.00000, 0.00000, 1.00000, 0.00000, -38.60000, -1.00000, 0.00000, 1.00000 },
				{ -0.98902, -0.14781, 0.00000, 0.00000, 0.14781, -0.98902, 0.00000, 0.00000, 0.00000, 0.00000, 1.00000, 0.00000, -34.45000, -0.40000, 0.00000, 1.00000 },
				{ -0.65474, 0.75585, 0.00000, 0.00000, -0.75585, -0.65474, 0.00000, 0.00000, 0.00000, 0.00000, 1.00000, 0.00000, -31.10000, -1.56000, 0.00000, 1.00000 },
				{ -0.09585, -0.99540, 0.00000, 0.00000, 0.99540, -0.09585, 0.00000, 0.00000, 0.00000, 0.00000, 1.00000, 0.00000, 32.04430, -40.20524, 0.00000, 1.00000 },
				{ -0.09585, -0.99540, 0.00000, 0.00000, 0.99540, -0.09585, 0.00000, 0.00000, 0.00000, 0.00000, 1.00000, 0.00000, 31.69151, -44.39070, 0.00000, 1.00000 },
				{ -0.09585, -0.99540, 0.00000, 0.00000, 0.99540, -0.09585, 0.00000, 0.00000, 0.00000, 0.00000, 1.00000, 0.00000, 31.32915, -48.67569, 0.00000, 1.00000 },
				{ 0.99540, -0.09585, 0.00000, 0.00000, 0.09585, 0.99540, 0.00000, 0.00000, 0.00000, 0.00000, 1.00000, 0.00000, 33.42687, -50.88693, 0.00000, 1.00000 },
				{ 0.99540, -0.09585, 0.00000, 0.00000, 0.09585, 0.99540, 0.00000, 0.00000, 0.00000, 0.00000, 1.00000, 0.00000, 37.65730, -51.29427, 0.00000, 1.00000 },
				{ 0.99540, -0.09585, 0.00000, 0.00000, 0.09585, 0.99540, 0.00000, 0.00000, 0.00000, 0.00000, 1.00000, 0.00000, 41.78820, -51.69204, 0.00000, 1.00000 },
				{ 0.99540, -0.09585, 0.00000, 0.00000, 0.09585, 0.99540, 0.00000, 0.00000, 0.00000, 0.00000, 1.00000, 0.00000, 45.96886, -52.09459, 0.00000, 1.00000 },
				{ 0.99540, -0.09585, 0.00000, 0.00000, 0.09585, 0.99540, 0.00000, 0.00000, 0.00000, 0.00000, 1.00000, 0.00000, 50.14952, -52.49714, 0.00000, 1.00000 },
				{ 0.99540, -0.09585, 0.00000, 0.00000, 0.09585, 0.99540, 0.00000, 0.00000, 0.00000, 0.00000, 1.00000, 0.00000, 54.42973, -52.90928, 0.00000, 1.00000 },
				{ 0.99540, -0.09585, 0.00000, 0.00000, 0.09585, 0.99540, 0.00000, 0.00000, 0.00000, 0.00000, 1.00000, 0.00000, 58.56062, -53.30703, 0.00000, 1.00000 },
				{ 0.99540, -0.09585, 0.00000, 0.00000, 0.09585, 0.99540, 0.00000, 0.00000, 0.00000, 0.00000, 1.00000, 0.00000, 62.79105, -53.71438, 0.00000, 1.00000 },
				{ 0.09585, 0.99540, 0.00000, 0.00000, -0.99540, 0.09585, 0.00000, 0.00000, 0.00000, 0.00000, 1.00000, 0.00000, 64.94773, -51.66164, 0.00000, 1.00000 },
				{ 0.09585, 0.99540, 0.00000, 0.00000, -0.99540, 0.09585, 0.00000, 0.00000, 0.00000, 0.00000, 1.00000, 0.00000, 65.37424, -47.23212, 0.00000, 1.00000 },
				{ 0.09585, 0.99540, 0.00000, 0.00000, -0.99540, 0.09585, 0.00000, 0.00000, 0.00000, 0.00000, 1.00000, 0.00000, 65.74619, -42.84759, 0.00000, 1.00000 },
				{ 0.09585, 0.99540, 0.00000, 0.00000, -0.99540, 0.09585, 0.00000, 0.00000, 0.00000, 0.00000, 1.00000, 0.00000, 66.09418, -38.71190, 0.00000, 1.00000 },
			},
			["industry/farm/hay_cube.mdl"] = {
				{ 0.81412, 0.58070, 0.00000, 0.00000, -0.58070, 0.81412, -0.00000, 0.00000, -0.00000, 0.00000, 1.00000, 0.00000, 72.60000, -10.90000, 0.00000, 1.00000 },
				{ 0.68200, 0.73135, -0.00000, 0.00000, -0.73135, 0.68200, -0.00000, 0.00000, -0.00000, 0.00000, 1.00000, 0.00000, 73.67000, -9.23000, -0.00000, 1.00000 },
				{ 1.00000, 0.00000, 0.00000, 0.00000, 0.00000, 1.00000, -0.00000, 0.00000, -0.00000, 0.00000, 1.00000, 0.00000, -2.74738, 11.20199, -0.00000, 1.00000 },
				{ 1.00000, 0.00000, 0.00000, 0.00000, 0.00000, 1.00000, -0.00000, 0.00000, -0.00000, 0.00000, 1.00000, 0.00000, -12.12738, 48.59199, -0.00000, 1.00000 },
				{ 1.00000, 0.00000, 0.00000, 0.00000, 0.00000, 1.00000, -0.00000, 0.00000, -0.00000, 0.00000, 1.00000, 0.00000, -1.18136, 11.23948, -0.00000, 1.00000 },
				{ 1.00000, 0.00000, 0.00000, 0.00000, 0.00000, 1.00000, -0.00000, 0.00000, -0.00000, 0.00000, 1.00000, 0.00000, -10.56136, 48.62949, -0.00000, 1.00000 },
				{ 1.00000, 0.00000, 0.00000, 0.00000, 0.00000, 1.00000, -0.00000, 0.00000, -0.00000, 0.00000, 1.00000, 0.00000, 0.30649, 11.19091, -0.00000, 1.00000 },
				{ 1.00000, 0.00000, 0.00000, 0.00000, 0.00000, 1.00000, -0.00000, 0.00000, -0.00000, 0.00000, 1.00000, 0.00000, -9.07351, 48.58091, -0.00000, 1.00000 },
				{ 1.00000, 0.00000, 0.00000, 0.00000, 0.00000, 1.00000, -0.00000, 0.00000, -0.00000, 0.00000, 1.00000, 0.00000, 1.80045, 11.39415, -0.00000, 1.00000 },
				{ 1.00000, 0.00000, 0.00000, 0.00000, 0.00000, 1.00000, -0.00000, 0.00000, -0.00000, 0.00000, 1.00000, 0.00000, -7.57955, 48.78415, -0.00000, 1.00000 },
				{ 1.00000, 0.00000, 0.00000, 0.00000, 0.00000, 1.00000, -0.00000, 0.00000, -0.00000, 0.00000, 1.00000, 0.00000, 3.29177, 11.17184, -0.00000, 1.00000 },
				{ 1.00000, 0.00000, 0.00000, 0.00000, 0.00000, 1.00000, -0.00000, 0.00000, -0.00000, 0.00000, 1.00000, 0.00000, -6.08823, 48.56184, -0.00000, 1.00000 },
				{ 1.00000, 0.00000, 0.00000, 0.00000, 0.00000, 1.00000, -0.00000, 0.00000, -0.00000, 0.00000, 1.00000, 0.00000, -2.71738, 11.34329, 0.69400, 1.00000 },
				{ 1.00000, 0.00000, 0.00000, 0.00000, 0.00000, 1.00000, -0.00000, 0.00000, -0.00000, 0.00000, 1.00000, 0.00000, -12.09738, 48.73328, 0.69400, 1.00000 },
				{ 1.00000, 0.00000, 0.00000, 0.00000, 0.00000, 1.00000, -0.00000, 0.00000, -0.00000, 0.00000, 1.00000, 0.00000, -1.32633, 11.18127, 0.69400, 1.00000 },
				{ 1.00000, 0.00000, 0.00000, 0.00000, 0.00000, 1.00000, -0.00000, 0.00000, -0.00000, 0.00000, 1.00000, 0.00000, -10.70633, 48.57127, 0.69400, 1.00000 },
				{ 1.00000, 0.00000, 0.00000, 0.00000, 0.00000, 1.00000, -0.00000, 0.00000, -0.00000, 0.00000, 1.00000, 0.00000, 0.23199, 11.10731, 0.69400, 1.00000 },
				{ 1.00000, 0.00000, 0.00000, 0.00000, 0.00000, 1.00000, -0.00000, 0.00000, -0.00000, 0.00000, 1.00000, 0.00000, -9.14801, 48.49731, 0.69400, 1.00000 },
				{ 1.00000, 0.00000, 0.00000, 0.00000, 0.00000, 1.00000, -0.00000, 0.00000, -0.00000, 0.00000, 1.00000, 0.00000, 1.75273, 11.06282, 0.69400, 1.00000 },
				{ 1.00000, 0.00000, 0.00000, 0.00000, 0.00000, 1.00000, -0.00000, 0.00000, -0.00000, 0.00000, 1.00000, 0.00000, -7.62727, 48.45282, 0.69400, 1.00000 },
				{ 1.00000, 0.00000, 0.00000, 0.00000, 0.00000, 1.00000, -0.00000, 0.00000, -0.00000, 0.00000, 1.00000, 0.00000, 3.28686, 11.09528, 0.69400, 1.00000 },
				{ 1.00000, 0.00000, 0.00000, 0.00000, 0.00000, 1.00000, -0.00000, 0.00000, -0.00000, 0.00000, 1.00000, 0.00000, -6.09314, 48.48528, 0.69400, 1.00000 },
				{ 1.00000, 0.00000, 0.00000, 0.00000, 0.00000, 1.00000, -0.00000, 0.00000, -0.00000, 0.00000, 1.00000, 0.00000, -2.80630, 11.22224, 1.38800, 1.00000 },
				{ 1.00000, 0.00000, 0.00000, 0.00000, 0.00000, 1.00000, -0.00000, 0.00000, -0.00000, 0.00000, 1.00000, 0.00000, -12.18630, 48.61224, 1.38800, 1.00000 },
				{ 1.00000, 0.00000, 0.00000, 0.00000, 0.00000, 1.00000, -0.00000, 0.00000, -0.00000, 0.00000, 1.00000, 0.00000, -1.25904, 11.29396, 1.38800, 1.00000 },
				{ 1.00000, 0.00000, 0.00000, 0.00000, 0.00000, 1.00000, -0.00000, 0.00000, -0.00000, 0.00000, 1.00000, 0.00000, -10.63904, 48.68396, 1.38800, 1.00000 },
				{ 1.00000, 0.00000, 0.00000, 0.00000, 0.00000, 1.00000, -0.00000, 0.00000, -0.00000, 0.00000, 1.00000, 0.00000, 0.16774, 11.14391, 1.38800, 1.00000 },
				{ 1.00000, 0.00000, 0.00000, 0.00000, 0.00000, 1.00000, -0.00000, 0.00000, -0.00000, 0.00000, 1.00000, 0.00000, -9.21226, 48.53391, 1.38800, 1.00000 },
				{ 1.00000, 0.00000, 0.00000, 0.00000, 0.00000, 1.00000, -0.00000, 0.00000, -0.00000, 0.00000, 1.00000, 0.00000, 1.66502, 11.22829, 1.38800, 1.00000 },
				{ 1.00000, 0.00000, 0.00000, 0.00000, 0.00000, 1.00000, -0.00000, 0.00000, -0.00000, 0.00000, 1.00000, 0.00000, -7.71498, 48.61829, 1.38800, 1.00000 },
				{ 1.00000, 0.00000, 0.00000, 0.00000, 0.00000, 1.00000, -0.00000, 0.00000, -0.00000, 0.00000, 1.00000, 0.00000, 3.19295, 11.35881, 1.38800, 1.00000 },
				{ 1.00000, 0.00000, 0.00000, 0.00000, 0.00000, 1.00000, -0.00000, 0.00000, -0.00000, 0.00000, 1.00000, 0.00000, -6.18705, 48.74880, 1.38800, 1.00000 },
				{ 1.00000, 0.00000, 0.00000, 0.00000, 0.00000, 1.00000, -0.00000, 0.00000, -0.00000, 0.00000, 1.00000, 0.00000, -2.67715, 11.06645, 2.08200, 1.00000 },
				{ 1.00000, 0.00000, 0.00000, 0.00000, 0.00000, 1.00000, -0.00000, 0.00000, -0.00000, 0.00000, 1.00000, 0.00000, -12.05715, 48.45645, 2.08200, 1.00000 },
				{ 0.97237, 0.23345, 0.00000, 0.00000, -0.23345, 0.97237, -0.00000, 0.00000, -0.00000, 0.00000, 1.00000, 0.00000, -11.47833, 48.29416, 2.76000, 1.00000 },
				{ 1.00000, 0.00000, 0.00000, 0.00000, 0.00000, 1.00000, -0.00000, 0.00000, -0.00000, 0.00000, 1.00000, 0.00000, -1.29139, 11.02704, 2.08200, 1.00000 },
				{ 1.00000, 0.00000, 0.00000, 0.00000, 0.00000, 1.00000, -0.00000, 0.00000, -0.00000, 0.00000, 1.00000, 0.00000, -10.67139, 48.41703, 2.08200, 1.00000 },
				{ 0.97237, 0.23345, 0.00000, 0.00000, -0.23345, 0.97237, -0.00000, 0.00000, -0.00000, 0.00000, 1.00000, 0.00000, -10.12167, 48.57933, 2.76000, 1.00000 },
				{ 1.00000, 0.00000, 0.00000, 0.00000, 0.00000, 1.00000, -0.00000, 0.00000, -0.00000, 0.00000, 1.00000, 0.00000, 0.31850, 11.36534, 2.08200, 1.00000 },
				{ 1.00000, 0.00000, 0.00000, 0.00000, 0.00000, 1.00000, -0.00000, 0.00000, -0.00000, 0.00000, 1.00000, 0.00000, -9.06150, 48.75534, 2.08200, 1.00000 },
				{ 1.00000, 0.00000, 0.00000, 0.00000, 0.00000, 1.00000, -0.00000, 0.00000, -0.00000, 0.00000, 1.00000, 0.00000, 1.67979, 11.36004, 2.08200, 1.00000 },
				{ 1.00000, 0.00000, 0.00000, 0.00000, 0.00000, 0.23853, -0.97113, 0.00000, -0.00000, 0.97113, 0.23853, 0.00000, -7.90021, 50.15547, 1.18124, 1.00000 },
				{ 1.00000, 0.00000, 0.00000, 0.00000, 0.00000, 1.00000, -0.00000, 0.00000, -0.00000, 0.00000, 1.00000, 0.00000, 3.28000, 11.16000, 2.08200, 1.00000 },
				{ -0.00000, 0.23853, -0.97113, 0.00000, -0.98629, 0.16028, 0.03937, 0.00000, 0.16505, 0.95782, 0.23526, 0.00000, -5.97000, 50.07939, 0.53248, 1.00000 },
			},
			["industry/farm/hay_flat.mdl"] = {
				{ 1.00000, 0.00000, 0.00000, 0.00000, 0.00000, 1.00000, 0.00000, 0.00000, 0.00000, 0.00000, 1.00000, 0.00000, 65.32000, 13.70000, 0.00000, 1.00000 },
			},
			["industry/farm/hay_flat_2.mdl"] = {
				{ 0.99699, -0.07758, -0.00000, 0.00000, 0.07758, 0.99699, -0.00000, 0.00000, 0.00000, 0.00000, 1.00000, 0.00000, 67.40000, 12.50000, 0.00000, 1.00000 },
				{ 0.99798, -0.06348, -0.00000, 0.00000, 0.06348, 0.99798, -0.00000, 0.00000, 0.00000, 0.00000, 1.00000, 0.00000, -6.80000, 43.20000, 0.00000, 1.00000 },
				{ 0.99594, -0.09006, -0.00000, 0.00000, 0.09006, 0.99594, -0.00000, 0.00000, 0.00000, 0.00000, 1.00000, 0.00000, 48.75000, -35.25000, 0.00000, 1.00000 },
				{ 0.99386, -0.11064, -0.00000, 0.00000, 0.11064, 0.99386, -0.00000, 0.00000, 0.00000, 0.00000, 1.00000, 0.00000, 43.65000, -34.95000, 0.00000, 1.00000 },
				{ 0.99700, -0.07741, -0.00000, 0.00000, 0.07741, 0.99700, -0.00000, 0.00000, 0.00000, 0.00000, 1.00000, 0.00000, -5.05000, 49.03000, 0.00000, 1.00000 },
				{ 0.99901, -0.04460, -0.00000, 0.00000, 0.04460, 0.99901, -0.00000, 0.00000, 0.00000, 0.00000, 1.00000, 0.00000, -9.87000, 50.58000, 0.00000, 1.00000 },
				{ 0.99894, -0.04610, -0.00000, 0.00000, 0.04610, 0.99894, -0.00000, 0.00000, 0.00000, 0.00000, 1.00000, 0.00000, 65.82000, 17.52000, 0.00000, 1.00000 },
				{ 0.99619, -0.08723, -0.00000, 0.00000, 0.08723, 0.99619, -0.00000, 0.00000, 0.00000, 0.00000, 1.00000, 0.00000, 64.86000, 11.70000, 0.00000, 1.00000 },
				{ 0.99649, -0.08375, -0.00000, 0.00000, 0.08375, 0.99649, -0.00000, 0.00000, 0.00000, 0.00000, 1.00000, 0.00000, 65.05000, 30.30000, 0.00000, 1.00000 },
				{ 0.99462, -0.10355, -0.00000, 0.00000, 0.10355, 0.99462, -0.00000, 0.00000, 0.00000, 0.00000, 1.00000, 0.00000, 66.75000, 29.55000, 0.00000, 1.00000 },
				{ 0.99462, -0.10355, -0.00000, 0.00000, 0.10355, 0.99462, -0.00000, 0.00000, 0.00000, 0.00000, 1.00000, 0.00000, 66.26000, 30.14000, 0.00000, 1.00000 },
				{ 0.99462, -0.10355, -0.00000, 0.00000, 0.10355, 0.99462, -0.00000, 0.00000, 0.00000, 0.00000, 1.00000, 0.00000, 66.75000, 12.50000, 0.00000, 1.00000 },
				{ 0.99462, -0.10355, -0.00000, 0.00000, 0.10355, 0.99462, -0.00000, 0.00000, 0.00000, 0.00000, 1.00000, 0.00000, 65.60000, -20.95000, 0.00000, 1.00000 },
				{ 0.99462, -0.10355, -0.00000, 0.00000, 0.10355, 0.99462, -0.00000, 0.00000, 0.00000, 0.00000, 1.00000, 0.00000, 44.90000, -36.00000, 0.00000, 1.00000 },
				{ 0.99462, -0.10355, -0.00000, 0.00000, 0.10355, 0.99462, -0.00000, 0.00000, 0.00000, 0.00000, 1.00000, 0.00000, -42.05000, -10.25000, 0.00000, 1.00000 },
				{ 0.99462, -0.10355, -0.00000, 0.00000, 0.10355, 0.99462, -0.00000, 0.00000, 0.00000, 0.00000, 1.00000, 0.00000, -42.65000, -7.40000, 0.00000, 1.00000 },
				{ 0.99462, -0.10355, -0.00000, 0.00000, 0.10355, 0.99462, -0.00000, 0.00000, 0.00000, 0.00000, 1.00000, 0.00000, -40.20000, -7.05000, 0.00000, 1.00000 },
				{ 0.99462, -0.10355, -0.00000, 0.00000, 0.10355, 0.99462, -0.00000, 0.00000, 0.00000, 0.00000, 1.00000, 0.00000, -39.65000, -8.65000, 0.00000, 1.00000 },
				{ 0.99554, -0.09433, -0.00000, 0.00000, 0.09433, 0.99554, -0.00000, 0.00000, 0.00000, 0.00000, 1.00000, 0.00000, 73.40000, -9.50000, 0.00000, 1.00000 },
				{ 0.99661, -0.08230, -0.00000, 0.00000, 0.08230, 0.99661, -0.00000, 0.00000, 0.00000, 0.00000, 1.00000, 0.00000, 72.20000, -10.50000, 0.00000, 1.00000 },
				{ 0.99838, -0.05685, -0.00000, 0.00000, 0.05685, 0.99838, -0.00000, 0.00000, 0.00000, 0.00000, 1.00000, 0.00000, 64.50000, -21.05000, 0.00000, 1.00000 },
				{ 0.99639, -0.08490, -0.00000, 0.00000, 0.08490, 0.99639, -0.00000, 0.00000, 0.00000, 0.00000, 1.00000, 0.00000, 66.10000, -20.35000, 0.00000, 1.00000 },
			},
			["industry/farm/hay_pile.mdl"] = {
				{ 1.00000, 0.00000, 0.00000, 0.00000, 0.00000, 1.00000, -0.00000, 0.00000, 0.00000, 0.00000, 1.00000, 0.00000, -9.90000, 43.50000, 0.00000, 1.00000 },
				{ 1.00000, 0.00000, 0.00000, 0.00000, 0.00000, 1.00000, -0.00000, 0.00000, 0.00000, 0.00000, 1.00000, 0.00000, 45.65000, -34.95000, 0.00000, 1.00000 },
				{ 1.00000, 0.00000, 0.00000, 0.00000, 0.00000, 1.00000, -0.00000, 0.00000, 0.00000, 0.00000, 1.00000, 0.00000, -41.55000, -8.75000, 0.00000, 1.00000 },
				{ 1.00000, 0.00000, 0.00000, 0.00000, 0.00000, 1.00000, -0.00000, 0.00000, 0.00000, 0.00000, 1.00000, 0.00000, -7.84000, 45.48000, -0.00000, 1.00000 },
			},
			["industry/farm/hay_pile_2.mdl"] = {
				{ 1.00000, 0.00000, 0.00000, 0.00000, 0.00000, 1.00000, -0.00000, 0.00000, 0.00000, 0.00000, 1.00000, 0.00000, 65.48000, 14.78000, 0.00000, 1.00000 },
			},
			["industry/farm/hay_round.mdl"] = {
				{ 1.00000, 0.00000, 0.00000, 0.00000, 0.00000, 1.00000, -0.00000, 0.00000, 0.00000, 0.00000, 1.00000, 0.00000, 4.10000, -1.55000, 1.28000, 1.00000 },
				{ 1.00000, 0.00000, 0.00000, 0.00000, 0.00000, 1.00000, -0.00000, 0.00000, 0.00000, 0.00000, 1.00000, 0.00000, 3.88000, 1.46000, 1.28000, 1.00000 },
				{ 1.00000, 0.00000, 0.00000, 0.00000, 0.00000, 1.00000, -0.00000, 0.00000, 0.00000, 0.00000, 1.00000, 0.00000, 4.24000, 4.62000, 1.28000, 1.00000 },
				{ 1.00000, 0.00000, 0.00000, 0.00000, 0.00000, 1.00000, -0.00000, 0.00000, 0.00000, 0.00000, 1.00000, 0.00000, 4.14000, 7.78000, 1.28000, 1.00000 },
				{ 1.00000, 0.00000, 0.00000, 0.00000, 0.00000, 1.00000, -0.00000, 0.00000, 0.00000, 0.00000, 1.00000, 0.00000, 1.28000, -1.55000, 1.28000, 1.00000 },
				{ 1.00000, 0.00000, 0.00000, 0.00000, 0.00000, 1.00000, -0.00000, 0.00000, 0.00000, 0.00000, 1.00000, 0.00000, 1.06000, 1.46000, 1.28000, 1.00000 },
				{ 1.00000, 0.00000, 0.00000, 0.00000, 0.00000, 1.00000, -0.00000, 0.00000, 0.00000, 0.00000, 1.00000, 0.00000, 1.42000, 4.62000, 1.28000, 1.00000 },
				{ 1.00000, 0.00000, 0.00000, 0.00000, 0.00000, 1.00000, -0.00000, 0.00000, 0.00000, 0.00000, 1.00000, 0.00000, 1.32000, 7.78000, 1.28000, 1.00000 },
				{ 1.00000, 0.00000, 0.00000, 0.00000, 0.00000, 1.00000, -0.00000, 0.00000, 0.00000, 0.00000, 1.00000, 0.00000, -1.24000, -1.55000, 1.28000, 1.00000 },
				{ 1.00000, 0.00000, 0.00000, 0.00000, 0.00000, 1.00000, -0.00000, 0.00000, 0.00000, 0.00000, 1.00000, 0.00000, -1.46000, 1.46000, 1.28000, 1.00000 },
				{ 1.00000, 0.00000, 0.00000, 0.00000, 0.00000, 1.00000, -0.00000, 0.00000, 0.00000, 0.00000, 1.00000, 0.00000, -1.10000, 4.62000, 1.28000, 1.00000 },
