local industryutil = require "industryutil"

--Begin Generated
local generatedData = {
	["level1"] = {
		models = {
			["asset/ground/barrel_steel.mdl"] = {
				{ -0.40124, -0.91597, -0.00000, 0.00000, 0.91597, -0.40124, -0.00000, 0.00000, -0.00000, -0.00000, 1.00000, 0.00000, 40.00000, -11.00000, -0.00000, 1.00000 },
				{ 0.58511, 0.81095, -0.00000, 0.00000, -0.81095, 0.58511, -0.00000, 0.00000, 0.00000, 0.00000, 1.00000, 0.00000, 39.91063, -9.98761, 0.00000, 1.00000 },
				{ 0.44110, 0.89746, -0.00000, 0.00000, -0.89746, 0.44110, 0.00000, 0.00000, 0.00000, 0.00000, 1.00000, 0.00000, 40.11062, -1.88761, 0.00000, 1.00000 },
				{ 0.86583, -0.50034, -0.00000, 0.00000, 0.50034, 0.86583, -0.00000, 0.00000, 0.00000, 0.00000, 1.00000, 0.00000, 41.02993, -11.04369, -0.00000, 1.00000 },
				{ 0.87655, -0.48131, -0.00000, 0.00000, 0.48131, 0.87655, -0.00000, 0.00000, 0.00000, 0.00000, 1.00000, 0.00000, 42.62994, -11.09369, -0.00000, 1.00000 },
				{ 0.93209, -0.36223, -0.00000, 0.00000, 0.36223, 0.93209, -0.00000, 0.00000, 0.00000, 0.00000, 1.00000, 0.00000, 44.52993, -11.09369, -0.00000, 1.00000 },
				{ 0.39324, 0.91943, -0.00000, 0.00000, -0.91943, 0.39324, 0.00000, 0.00000, 0.00000, 0.00000, 1.00000, 0.00000, 39.87402, -8.99538, 0.00000, 1.00000 },
				{ 0.72726, 0.68636, -0.00000, 0.00000, -0.68636, 0.72726, -0.00000, 0.00000, 0.00000, 0.00000, 1.00000, 0.00000, 40.07402, -0.89538, 0.00000, 1.00000 },
				{ 0.72726, 0.68636, -0.00000, 0.00000, -0.68636, 0.72726, -0.00000, 0.00000, 0.00000, 0.00000, 1.00000, 0.00000, -4.00000, -41.00000, 0.30000, 1.00000 },
				{ 0.60453, 0.79658, -0.00000, 0.00000, -0.79658, 0.60453, -0.00000, 0.00000, 0.00000, 0.00000, 1.00000, 0.00000, 39.93374, -8.06653, 0.00000, 1.00000 },
				{ 0.52597, 0.85050, -0.00000, 0.00000, -0.85050, 0.52597, 0.00000, 0.00000, 0.00000, 0.00000, 1.00000, 0.00000, 40.13374, 0.03347, 0.00000, 1.00000 },
				{ 0.71286, 0.70131, -0.00000, 0.00000, -0.70131, 0.71286, -0.00000, 0.00000, 0.00000, 0.00000, 1.00000, 0.00000, 39.90016, -7.06510, 0.00000, 1.00000 },
				{ 0.32046, 0.94726, -0.00000, 0.00000, -0.94726, 0.32046, 0.00000, 0.00000, 0.00000, 0.00000, 1.00000, 0.00000, 40.10016, 1.03490, 0.00000, 1.00000 },
				{ 0.32046, 0.94726, -0.00000, 0.00000, -0.94726, 0.32046, 0.00000, 0.00000, 0.00000, 0.00000, 1.00000, 0.00000, -3.97386, -39.06972, 0.30000, 1.00000 },
				{ 0.32046, 0.94726, -0.00000, 0.00000, -0.94726, 0.32046, 0.00000, 0.00000, 0.00000, 0.00000, 1.00000, 0.00000, -19.20000, -32.40000, 0.30000, 1.00000 },
				{ 0.32046, 0.94726, -0.00000, 0.00000, -0.94726, 0.32046, 0.00000, 0.00000, 0.00000, 0.00000, 1.00000, 0.00000, -20.40000, -32.35000, 0.30000, 1.00000 },
				{ 0.32046, 0.94726, -0.00000, 0.00000, -0.94726, 0.32046, 0.00000, 0.00000, 0.00000, 0.00000, 1.00000, 0.00000, -20.35000, -31.10000, 0.30000, 1.00000 },
				{ 0.32046, 0.94726, -0.00000, 0.00000, -0.94726, 0.32046, 0.00000, 0.00000, 0.00000, 0.00000, 1.00000, 0.00000, -19.15000, -31.10000, 0.30000, 1.00000 },
				{ 0.50070, 0.86562, -0.00000, 0.00000, -0.86562, 0.50070, 0.00000, 0.00000, 0.00000, 0.00000, 1.00000, 0.00000, 39.84821, -6.03210, 0.00000, 1.00000 },
				{ 0.47326, 0.88092, -0.00000, 0.00000, -0.88092, 0.47326, 0.00000, 0.00000, 0.00000, 0.00000, 1.00000, 0.00000, 40.04821, 2.06790, 0.00000, 1.00000 },
				{ 0.47326, 0.88092, -0.00000, 0.00000, -0.88092, 0.47326, 0.00000, 0.00000, 0.00000, 0.00000, 1.00000, 0.00000, -4.02581, -38.03672, 0.30000, 1.00000 },
				{ 0.40796, 0.91300, -0.00000, 0.00000, -0.91300, 0.40796, 0.00000, 0.00000, 0.00000, 0.00000, 1.00000, 0.00000, 39.96457, -4.91530, 0.00000, 1.00000 },
				{ 0.94399, 0.32998, -0.00000, 0.00000, -0.32998, 0.94399, -0.00000, 0.00000, 0.00000, 0.00000, 1.00000, 0.00000, -9.22951, -4.46320, 0.00000, 1.00000 },
				{ 0.62319, 0.78207, -0.00000, 0.00000, -0.78207, 0.62319, -0.00000, 0.00000, 0.00000, 0.00000, 1.00000, 0.00000, 39.98026, -4.02869, 0.00000, 1.00000 },
				{ 0.94399, 0.32998, -0.00000, 0.00000, -0.32998, 0.94399, -0.00000, 0.00000, 0.00000, 0.00000, 1.00000, 0.00000, -8.79267, -3.69151, 0.00000, 1.00000 },
				{ 0.62917, 0.77727, -0.00000, 0.00000, -0.77727, 0.62917, -0.00000, 0.00000, 0.00000, 0.00000, 1.00000, 0.00000, 39.84561, -2.91131, 0.00000, 1.00000 },
				{ 0.94399, 0.32998, -0.00000, 0.00000, -0.32998, 0.94399, -0.00000, 0.00000, 0.00000, 0.00000, 1.00000, 0.00000, -8.37783, -2.64529, 0.00000, 1.00000 },
				{ 0.36257, 0.93196, -0.00000, 0.00000, -0.93196, 0.36257, 0.00000, 0.00000, 0.00000, 0.00000, 1.00000, 0.00000, 40.84772, -10.04989, 0.00000, 1.00000 },
				{ 0.14841, 0.98893, -0.00000, 0.00000, -0.98893, 0.14841, 0.00000, 0.00000, 0.00000, 0.00000, 1.00000, 0.00000, 41.04772, -1.94989, 0.00000, 1.00000 },
				{ 0.21177, 0.97732, -0.00000, 0.00000, -0.97732, 0.21177, 0.00000, 0.00000, 0.00000, 0.00000, 1.00000, 0.00000, 40.92734, -8.94248, 0.00000, 1.00000 },
				{ 0.61250, 0.79047, -0.00000, 0.00000, -0.79047, 0.61250, -0.00000, 0.00000, 0.00000, 0.00000, 1.00000, 0.00000, 41.12734, -0.84248, 0.00000, 1.00000 },
				{ 0.30898, 0.95107, -0.00000, 0.00000, -0.95107, 0.30898, 0.00000, 0.00000, 0.00000, 0.00000, 1.00000, 0.00000, 40.97874, -7.94390, 0.00000, 1.00000 },
				{ 0.59957, 0.80033, -0.00000, 0.00000, -0.80033, 0.59957, -0.00000, 0.00000, 0.00000, 0.00000, 1.00000, 0.00000, 41.17875, 0.15610, 0.00000, 1.00000 },
				{ 0.49434, 0.86927, -0.00000, 0.00000, -0.86927, 0.49434, 0.00000, 0.00000, 0.00000, 0.00000, 1.00000, 0.00000, 40.98057, -7.02074, 0.00000, 1.00000 },
				{ 0.39473, 0.91880, -0.00000, 0.00000, -0.91880, 0.39473, 0.00000, 0.00000, 0.00000, 0.00000, 1.00000, 0.00000, 41.18056, 1.07926, 0.00000, 1.00000 },
				{ 0.66950, 0.74281, -0.00000, 0.00000, -0.74281, 0.66950, -0.00000, 0.00000, 0.00000, 0.00000, 1.00000, 0.00000, 40.89156, -5.97804, 0.00000, 1.00000 },
				{ 0.48176, 0.87631, -0.00000, 0.00000, -0.87631, 0.48176, 0.00000, 0.00000, 0.00000, 0.00000, 1.00000, 0.00000, 41.09155, 2.12196, 0.00000, 1.00000 },
				{ 0.51219, 0.85887, -0.00000, 0.00000, -0.85887, 0.51219, 0.00000, 0.00000, 0.00000, 0.00000, 1.00000, 0.00000, 40.85620, -4.94745, 0.00000, 1.00000 },
				{ 0.17866, 0.98391, -0.00000, 0.00000, -0.98391, 0.17866, 0.00000, 0.00000, 0.00000, 0.00000, 1.00000, 0.00000, 41.05621, 3.15255, 0.00000, 1.00000 },
				{ 0.24796, 0.96877, -0.00000, 0.00000, -0.96877, 0.24796, 0.00000, 0.00000, 0.00000, 0.00000, 1.00000, 0.00000, 40.91450, -4.05228, 0.00000, 1.00000 },
				{ 0.36385, 0.93146, -0.00000, 0.00000, -0.93146, 0.36385, 0.00000, 0.00000, 0.00000, 0.00000, 1.00000, 0.00000, 41.11449, 4.04772, 0.00000, 1.00000 },
				{ 0.19073, 0.98164, -0.00000, 0.00000, -0.98164, 0.19073, 0.00000, 0.00000, 0.00000, 0.00000, 1.00000, 0.00000, 40.88116, -3.06102, 0.00000, 1.00000 },
				{ 0.64789, 0.76174, -0.00000, 0.00000, -0.76174, 0.64789, -0.00000, 0.00000, 0.00000, 0.00000, 1.00000, 0.00000, 41.08116, 5.03898, 0.00000, 1.00000 },
				{ 0.50284, 0.86438, -0.00000, 0.00000, -0.86438, 0.50284, 0.00000, 0.00000, 0.00000, 0.00000, 1.00000, 0.00000, 41.83784, -9.93526, 0.00000, 1.00000 },
				{ 0.32374, 0.94615, -0.00000, 0.00000, -0.94615, 0.32374, 0.00000, 0.00000, 0.00000, 0.00000, 1.00000, 0.00000, 43.73785, -9.93526, 0.00000, 1.00000 },
				{ 0.41457, 0.91002, -0.00000, 0.00000, -0.91002, 0.41457, 0.00000, 0.00000, 0.00000, 0.00000, 1.00000, 0.00000, 42.03785, -1.83526, 0.00000, 1.00000 },
				{ 0.41651, 0.90913, -0.00000, 0.00000, -0.90913, 0.41651, 0.00000, 0.00000, 0.00000, 0.00000, 1.00000, 0.00000, 43.93785, -1.83526, 0.00000, 1.00000 },
				{ 0.58749, 0.80923, -0.00000, 0.00000, -0.80923, 0.58749, -0.00000, 0.00000, 0.00000, 0.00000, 1.00000, 0.00000, 41.84230, -9.00063, 0.00000, 1.00000 },
				{ 0.39391, 0.91915, -0.00000, 0.00000, -0.91915, 0.39391, 0.00000, 0.00000, 0.00000, 0.00000, 1.00000, 0.00000, 43.74230, -9.00063, 0.00000, 1.00000 },
				{ 0.67106, 0.74140, -0.00000, 0.00000, -0.74140, 0.67106, -0.00000, 0.00000, 0.00000, 0.00000, 1.00000, 0.00000, 42.04230, -0.90063, 0.00000, 1.00000 },
				{ 0.41385, 0.91034, -0.00000, 0.00000, -0.91034, 0.41385, 0.00000, 0.00000, 0.00000, 0.00000, 1.00000, 0.00000, 43.94230, -0.90063, 0.00000, 1.00000 },
				{ 0.38422, 0.92324, -0.00000, 0.00000, -0.92324, 0.38422, 0.00000, 0.00000, 0.00000, 0.00000, 1.00000, 0.00000, 41.94138, -7.94605, 0.00000, 1.00000 },
				{ 0.61099, 0.79164, -0.00000, 0.00000, -0.79164, 0.61099, -0.00000, 0.00000, 0.00000, 0.00000, 1.00000, 0.00000, 43.84138, -7.94605, 0.00000, 1.00000 },
				{ 0.43232, 0.90172, -0.00000, 0.00000, -0.90172, 0.43232, 0.00000, 0.00000, 0.00000, 0.00000, 1.00000, 0.00000, 42.14138, 0.15395, 0.00000, 1.00000 },
				{ 0.44698, 0.89455, -0.00000, 0.00000, -0.89455, 0.44698, 0.00000, 0.00000, 0.00000, 0.00000, 1.00000, 0.00000, 44.04139, 0.15395, 0.00000, 1.00000 },
				{ 0.24121, 0.97047, -0.00000, 0.00000, -0.97047, 0.24121, 0.00000, 0.00000, 0.00000, 0.00000, 1.00000, 0.00000, 41.86229, -7.05298, 0.00000, 1.00000 },
				{ 0.35211, 0.93596, -0.00000, 0.00000, -0.93596, 0.35211, 0.00000, 0.00000, 0.00000, 0.00000, 1.00000, 0.00000, 43.76229, -7.05298, 0.00000, 1.00000 },
				{ 0.33308, 0.94290, -0.00000, 0.00000, -0.94290, 0.33308, 0.00000, 0.00000, 0.00000, 0.00000, 1.00000, 0.00000, 42.06229, 1.04702, 0.00000, 1.00000 },
				{ 0.60804, 0.79391, -0.00000, 0.00000, -0.79391, 0.60804, -0.00000, 0.00000, 0.00000, 0.00000, 1.00000, 0.00000, 43.96230, 1.04702, 0.00000, 1.00000 },
				{ 0.59103, 0.80665, -0.00000, 0.00000, -0.80665, 0.59103, -0.00000, 0.00000, 0.00000, 0.00000, 1.00000, 0.00000, 41.89606, -5.92792, 0.00000, 1.00000 },
				{ 0.56869, 0.82255, -0.00000, 0.00000, -0.82255, 0.56869, -0.00000, 0.00000, 0.00000, 0.00000, 1.00000, 0.00000, 43.79606, -5.92792, 0.00000, 1.00000 },
				{ 0.47568, 0.87962, -0.00000, 0.00000, -0.87962, 0.47568, 0.00000, 0.00000, 0.00000, 0.00000, 1.00000, 0.00000, 42.09606, 2.17208, 0.00000, 1.00000 },
				{ 0.51030, 0.85999, -0.00000, 0.00000, -0.85999, 0.51030, 0.00000, 0.00000, 0.00000, 0.00000, 1.00000, 0.00000, 43.99607, 2.17208, 0.00000, 1.00000 },
				{ 0.76217, 0.64738, -0.00000, 0.00000, -0.64738, 0.76217, 0.00000, 0.00000, 0.00000, 0.00000, 1.00000, 0.00000, 41.92071, -4.96753, 0.00000, 1.00000 },
				{ 0.52009, 0.85411, -0.00000, 0.00000, -0.85411, 0.52009, 0.00000, 0.00000, 0.00000, 0.00000, 1.00000, 0.00000, 43.82071, -4.96753, 0.00000, 1.00000 },
				{ 0.31580, 0.94883, -0.00000, 0.00000, -0.94883, 0.31580, 0.00000, 0.00000, 0.00000, 0.00000, 1.00000, 0.00000, 42.12071, 3.13247, 0.00000, 1.00000 },
				{ 0.44053, 0.89774, -0.00000, 0.00000, -0.89774, 0.44053, 0.00000, 0.00000, 0.00000, 0.00000, 1.00000, 0.00000, 44.02071, 3.13247, 0.00000, 1.00000 },
				{ 0.47169, 0.88177, -0.00000, 0.00000, -0.88177, 0.47169, 0.00000, 0.00000, 0.00000, 0.00000, 1.00000, 0.00000, 41.88598, -3.93284, 0.00000, 1.00000 },
				{ 0.45002, 0.89302, -0.00000, 0.00000, -0.89302, 0.45002, 0.00000, 0.00000, 0.00000, 0.00000, 1.00000, 0.00000, 43.78598, -3.93284, 0.00000, 1.00000 },
				{ 0.61813, 0.78607, -0.00000, 0.00000, -0.78607, 0.61813, -0.00000, 0.00000, 0.00000, 0.00000, 1.00000, 0.00000, 42.08598, 4.16716, 0.00000, 1.00000 },
				{ 0.66366, 0.74803, -0.00000, 0.00000, -0.74803, 0.66366, -0.00000, 0.00000, 0.00000, 0.00000, 1.00000, 0.00000, 43.98598, 4.16716, 0.00000, 1.00000 },
				{ 0.32454, 0.94587, -0.00000, 0.00000, -0.94587, 0.32454, 0.00000, 0.00000, 0.00000, 0.00000, 1.00000, 0.00000, 41.84627, -3.00194, 0.00000, 1.00000 },
				{ 0.31280, 0.94982, -0.00000, 0.00000, -0.94982, 0.31280, 0.00000, 0.00000, 0.00000, 0.00000, 1.00000, 0.00000, 43.74627, -3.00194, 0.00000, 1.00000 },
				{ 0.80592, 0.59202, -0.00000, 0.00000, -0.59202, 0.80592, 0.00000, 0.00000, 0.00000, 0.00000, 1.00000, 0.00000, 42.04627, 5.09806, 0.00000, 1.00000 },
				{ 0.47189, 0.88166, -0.00000, 0.00000, -0.88166, 0.47189, 0.00000, 0.00000, 0.00000, 0.00000, 1.00000, 0.00000, 43.94626, 5.09806, 0.00000, 1.00000 },
				{ 0.10204, 0.99478, -0.00000, 0.00000, -0.99478, 0.10204, 0.00000, 0.00000, 0.00000, 0.00000, 1.00000, 0.00000, 42.96816, -10.00190, 0.00000, 1.00000 },
				{ 0.76619, 0.64261, -0.00000, 0.00000, -0.64261, 0.76619, 0.00000, 0.00000, 0.00000, 0.00000, 1.00000, 0.00000, 44.86816, -10.00190, 0.00000, 1.00000 },
				{ 0.49166, 0.87079, -0.00000, 0.00000, -0.87079, 0.49166, 0.00000, 0.00000, 0.00000, 0.00000, 1.00000, 0.00000, 43.16817, -1.90190, 0.00000, 1.00000 },
				{ 0.43938, 0.89830, -0.00000, 0.00000, -0.89830, 0.43938, 0.00000, 0.00000, 0.00000, 0.00000, 1.00000, 0.00000, 42.93538, -9.01168, 0.00000, 1.00000 },
				{ 0.50477, 0.86326, -0.00000, 0.00000, -0.86326, 0.50477, 0.00000, 0.00000, 0.00000, 0.00000, 1.00000, 0.00000, 44.83538, -9.01168, 0.00000, 1.00000 },
				{ 0.44590, 0.89508, -0.00000, 0.00000, -0.89508, 0.44590, 0.00000, 0.00000, 0.00000, 0.00000, 1.00000, 0.00000, 43.13538, -0.91168, 0.00000, 1.00000 },
				{ 0.69566, 0.71837, -0.00000, 0.00000, -0.71837, 0.69566, -0.00000, 0.00000, 0.00000, 0.00000, 1.00000, 0.00000, 42.84421, -7.99096, 0.00000, 1.00000 },
				{ 0.27371, 0.96181, -0.00000, 0.00000, -0.96181, 0.27371, 0.00000, 0.00000, 0.00000, 0.00000, 1.00000, 0.00000, 44.74420, -7.99096, 0.00000, 1.00000 },
				{ 0.30486, 0.95240, -0.00000, 0.00000, -0.95240, 0.30486, 0.00000, 0.00000, 0.00000, 0.00000, 1.00000, 0.00000, 43.04420, 0.10904, 0.00000, 1.00000 },
				{ 0.72478, 0.68898, -0.00000, 0.00000, -0.68898, 0.72478, -0.00000, 0.00000, 0.00000, 0.00000, 1.00000, 0.00000, 44.94420, 0.10904, 0.00000, 1.00000 },
				{ 0.15012, 0.98867, -0.00000, 0.00000, -0.98867, 0.15012, 0.00000, 0.00000, 0.00000, 0.00000, 1.00000, 0.00000, 42.86969, -7.05594, 0.00000, 1.00000 },
				{ 0.45726, 0.88933, -0.00000, 0.00000, -0.88933, 0.45726, 0.00000, 0.00000, 0.00000, 0.00000, 1.00000, 0.00000, 44.76970, -7.05594, 0.00000, 1.00000 },
				{ 0.56164, 0.82738, -0.00000, 0.00000, -0.82738, 0.56164, -0.00000, 0.00000, 0.00000, 0.00000, 1.00000, 0.00000, 43.06969, 1.04406, 0.00000, 1.00000 },
				{ 0.53464, 0.84508, -0.00000, 0.00000, -0.84508, 0.53464, 0.00000, 0.00000, 0.00000, 0.00000, 1.00000, 0.00000, 42.83158, -5.93185, 0.00000, 1.00000 },
				{ 0.45642, 0.88976, -0.00000, 0.00000, -0.88976, 0.45642, 0.00000, 0.00000, 0.00000, 0.00000, 1.00000, 0.00000, 44.73159, -5.93185, 0.00000, 1.00000 },
				{ 0.59536, 0.80346, -0.00000, 0.00000, -0.80346, 0.59536, -0.00000, 0.00000, 0.00000, 0.00000, 1.00000, 0.00000, 43.03159, 2.16815, 0.00000, 1.00000 },
				{ 0.53606, 0.84418, -0.00000, 0.00000, -0.84418, 0.53606, 0.00000, 0.00000, 0.00000, 0.00000, 1.00000, 0.00000, 44.93159, 2.16815, 0.00000, 1.00000 },
				{ 0.55824, 0.82968, -0.00000, 0.00000, -0.82968, 0.55824, -0.00000, 0.00000, 0.00000, 0.00000, 1.00000, 0.00000, 42.89780, -4.92850, 0.00000, 1.00000 },
				{ 0.59606, 0.80294, -0.00000, 0.00000, -0.80294, 0.59606, -0.00000, 0.00000, 0.00000, 0.00000, 1.00000, 0.00000, 44.79780, -4.92850, 0.00000, 1.00000 },
				{ 0.69271, 0.72121, -0.00000, 0.00000, -0.72121, 0.69271, -0.00000, 0.00000, 0.00000, 0.00000, 1.00000, 0.00000, 43.09780, 3.17150, 0.00000, 1.00000 },
				{ 0.40093, 0.91611, -0.00000, 0.00000, -0.91611, 0.40093, 0.00000, 0.00000, 0.00000, 0.00000, 1.00000, 0.00000, 42.89304, -3.94682, 0.00000, 1.00000 },
				{ 0.57569, 0.81767, -0.00000, 0.00000, -0.81767, 0.57569, -0.00000, 0.00000, 0.00000, 0.00000, 1.00000, 0.00000, 44.79303, -3.94682, 0.00000, 1.00000 },
				{ 0.81896, 0.57386, -0.00000, 0.00000, -0.57386, 0.81896, 0.00000, 0.00000, 0.00000, 0.00000, 1.00000, 0.00000, 43.09304, 4.15318, 0.00000, 1.00000 },
				{ 0.40622, 0.91378, -0.00000, 0.00000, -0.91378, 0.40622, 0.00000, 0.00000, 0.00000, 0.00000, 1.00000, 0.00000, 42.96401, -3.00107, 0.00000, 1.00000 },
				{ 0.78494, 0.61957, -0.00000, 0.00000, -0.61957, 0.78494, 0.00000, 0.00000, 0.00000, 0.00000, 1.00000, 0.00000, 44.86401, -3.00107, 0.00000, 1.00000 },
				{ 0.61397, 0.78933, -0.00000, 0.00000, -0.78933, 0.61397, -0.00000, 0.00000, 0.00000, 0.00000, 1.00000, 0.00000, 43.16402, 5.09893, 0.00000, 1.00000 },
			},
			["asset/ground/container_big_steel.mdl"] = {
				{ 0.04885, 0.99881, 0.00000, 0.00000, -0.99881, 0.04885, 0.00000, 0.00000, 0.00000, 0.00000, 1.00000, 0.00000, -69.00000, -12.60000, -0.00000, 1.00000 },
				{ 0.04885, 0.99881, 0.00000, 0.00000, -0.99881, 0.04885, 0.00000, 0.00000, 0.00000, 0.00000, 1.00000, 0.00000, -68.60000, -8.40000, -0.00000, 1.00000 },
			},
			["asset/ground/container_fluid.mdl"] = {
				{ 0.03275, 0.99946, -0.00000, 0.00000, -0.99946, 0.03275, -0.00000, 0.00000, 0.00000, 0.00000, 1.00000, 0.00000, -16.60000, -48.40000, 0.00000, 1.00000 },
				{ 0.03275, 0.99946, -0.00000, 0.00000, -0.99946, 0.03275, -0.00000, 0.00000, 0.00000, 0.00000, 1.00000, 0.00000, 44.06744, -44.52375, 0.00000, 1.00000 },
				{ -0.99998, 0.00657, 0.00000, 0.00000, -0.00657, -0.99998, -0.00000, 0.00000, 0.00000, -0.00000, 1.00000, 0.00000, 41.59348, -42.52202, 0.00000, 1.00000 },
				{ 0.02894, 0.99958, -0.00000, 0.00000, -0.99958, 0.02894, -0.00000, 0.00000, -0.00000, 0.00000, 1.00000, 0.00000, -18.57846, -48.40636, 0.00000, 1.00000 },
				{ -0.99998, 0.00657, 0.00000, 0.00000, -0.00657, -0.99998, -0.00000, 0.00000, 0.00000, -0.00000, 1.00000, 0.00000, 41.51123, -40.57956, 0.00000, 1.00000 },
				{ -0.99998, 0.00657, 0.00000, 0.00000, -0.00657, -0.99998, -0.00000, 0.00000, 0.00000, -0.00000, 1.00000, 0.00000, 41.60641, -38.63933, 0.00000, 1.00000 },
				{ -0.99998, 0.00657, 0.00000, 0.00000, -0.00657, -0.99998, -0.00000, 0.00000, 0.00000, -0.00000, 1.00000, 0.00000, 41.55028, -36.66459, 0.00000, 1.00000 },
				{ -0.99998, 0.00657, 0.00000, 0.00000, -0.00657, -0.99998, -0.00000, 0.00000, 0.00000, -0.00000, 1.00000, 0.00000, 41.65163, -34.78178, 0.00000, 1.00000 },
				{ -0.99998, 0.00657, 0.00000, 0.00000, -0.00657, -0.99998, -0.00000, 0.00000, 0.00000, -0.00000, 1.00000, 0.00000, 41.71904, -32.61078, 0.00000, 1.00000 },
				{ -0.99998, 0.00657, 0.00000, 0.00000, -0.00657, -0.99998, -0.00000, 0.00000, 0.00000, -0.00000, 1.00000, 0.00000, 41.79184, -30.67254, 0.00000, 1.00000 },
				{ -0.99998, 0.00657, 0.00000, 0.00000, -0.00657, -0.99998, -0.00000, 0.00000, 0.00000, -0.00000, 1.00000, 0.00000, 41.70831, -28.50754, 0.00000, 1.00000 },
				{ -0.99998, 0.00657, 0.00000, 0.00000, -0.00657, -0.99998, -0.00000, 0.00000, 0.00000, -0.00000, 1.00000, 0.00000, 44.18311, -42.51651, 0.00000, 1.00000 },
				{ -0.99998, 0.00657, 0.00000, 0.00000, -0.00657, -0.99998, -0.00000, 0.00000, 0.00000, -0.00000, 1.00000, 0.00000, 44.21403, -40.45586, 0.00000, 1.00000 },
				{ -0.99998, 0.00657, 0.00000, 0.00000, -0.00657, -0.99998, -0.00000, 0.00000, 0.00000, -0.00000, 1.00000, 0.00000, 44.29906, -38.44615, 0.00000, 1.00000 },
				{ -0.99998, 0.00657, 0.00000, 0.00000, -0.00657, -0.99998, -0.00000, 0.00000, 0.00000, -0.00000, 1.00000, 0.00000, 44.48038, -36.44872, 0.00000, 1.00000 },
				{ -0.99998, 0.00657, 0.00000, 0.00000, -0.00657, -0.99998, -0.00000, 0.00000, 0.00000, -0.00000, 1.00000, 0.00000, 44.34442, -34.65718, 0.00000, 1.00000 },
				{ -0.99998, 0.00657, 0.00000, 0.00000, -0.00657, -0.99998, -0.00000, 0.00000, 0.00000, -0.00000, 1.00000, 0.00000, 44.26244, -32.57634, 0.00000, 1.00000 },
				{ -0.99998, 0.00657, 0.00000, 0.00000, -0.00657, -0.99998, -0.00000, 0.00000, 0.00000, -0.00000, 1.00000, 0.00000, 44.37759, -30.62842, 0.00000, 1.00000 },
				{ -0.99998, 0.00657, 0.00000, 0.00000, -0.00657, -0.99998, -0.00000, 0.00000, 0.00000, -0.00000, 1.00000, 0.00000, 44.39864, -28.58684, 0.00000, 1.00000 },
				{ -0.99988, 0.01530, 0.00000, 0.00000, -0.01530, -0.99988, -0.00000, 0.00000, 0.00000, -0.00000, 1.00000, 0.00000, 39.65057, -42.33997, 0.00000, 1.00000 },
				{ -0.99988, 0.01530, 0.00000, 0.00000, -0.01530, -0.99988, -0.00000, 0.00000, 0.00000, -0.00000, 1.00000, 0.00000, 39.58739, -40.39881, 0.00000, 1.00000 },
				{ -0.99988, 0.01530, 0.00000, 0.00000, -0.01530, -0.99988, -0.00000, 0.00000, 0.00000, -0.00000, 1.00000, 0.00000, 39.54475, -38.36955, 0.00000, 1.00000 },
				{ -0.99988, 0.01530, 0.00000, 0.00000, -0.01530, -0.99988, -0.00000, 0.00000, 0.00000, -0.00000, 1.00000, 0.00000, 39.56415, -36.45956, 0.00000, 1.00000 },
				{ -0.99988, 0.01530, 0.00000, 0.00000, -0.01530, -0.99988, -0.00000, 0.00000, 0.00000, -0.00000, 1.00000, 0.00000, 39.69331, -34.48463, 0.00000, 1.00000 },
				{ -0.99988, 0.01530, 0.00000, 0.00000, -0.01530, -0.99988, -0.00000, 0.00000, 0.00000, -0.00000, 1.00000, 0.00000, 39.72887, -32.42861, 0.00000, 1.00000 },
				{ -0.99988, 0.01530, 0.00000, 0.00000, -0.01530, -0.99988, -0.00000, 0.00000, 0.00000, -0.00000, 1.00000, 0.00000, 39.79386, -30.39548, 0.00000, 1.00000 },
				{ -0.99988, 0.01530, 0.00000, 0.00000, -0.01530, -0.99988, -0.00000, 0.00000, 0.00000, -0.00000, 1.00000, 0.00000, 39.93521, -28.39697, 0.00000, 1.00000 },
			},
			["asset/industry/ind_chimney_1_full.mdl"] = {
				{ 1.00000, 0.00000, 0.00000, 0.00000, 0.00000, 1.00000, 0.00000, 0.00000, 0.00000, 0.00000, 1.00000, 0.00000, -28.50000, -30.60000, 0.40000, 1.00000 },
			},
			["asset/industry/pallet_01.mdl"] = {
				{ -0.88458, 0.46639, 0.00000, 0.00000, -0.46639, -0.88458, 0.00000, 0.00000, 0.00000, 0.00000, 1.00000, 0.00000, 38.60000, -18.90000, 0.00000, 1.00000 },
				{ -0.99889, -0.04711, 0.00000, 0.00000, 0.04711, -0.99889, 0.00000, 0.00000, 0.00000, 0.00000, 1.00000, 0.00000, 41.15000, -18.85000, 0.00000, 1.00000 },
				{ -0.99889, -0.04711, -0.00000, 0.00000, 0.04711, -0.99889, 0.00000, 0.00000, -0.00000, 0.00000, 1.00000, 0.00000, 42.64515, -18.81339, 0.00000, 1.00000 },
				{ -0.99889, -0.04711, -0.00000, 0.00000, 0.04711, -0.99889, 0.00000, 0.00000, -0.00000, 0.00000, 1.00000, 0.00000, 43.86337, -18.88768, 0.00000, 1.00000 },
				{ -0.99889, -0.04711, -0.00000, 0.00000, 0.04711, -0.99889, 0.00000, 0.00000, -0.00000, 0.00000, 1.00000, 0.00000, 41.10157, -18.83953, 0.14458, 1.00000 },
				{ -0.99889, -0.04711, -0.00000, 0.00000, 0.04711, -0.99889, 0.00000, 0.00000, -0.00000, 0.00000, 1.00000, 0.00000, 42.62219, -18.78759, 0.14458, 1.00000 },
				{ -0.99889, -0.04711, -0.00000, 0.00000, 0.04711, -0.99889, 0.00000, 0.00000, -0.00000, 0.00000, 1.00000, 0.00000, 43.95789, -18.91851, 0.14458, 1.00000 },
				{ -0.99889, -0.04711, -0.00000, 0.00000, 0.04711, -0.99889, 0.00000, 0.00000, -0.00000, 0.00000, 1.00000, 0.00000, 41.12432, -18.91963, 0.28916, 1.00000 },
				{ -0.99889, -0.04711, -0.00000, 0.00000, 0.04711, -0.99889, 0.00000, 0.00000, -0.00000, 0.00000, 1.00000, 0.00000, 42.69769, -18.78499, 0.28916, 1.00000 },
				{ -0.99889, -0.04711, -0.00000, 0.00000, 0.04711, -0.99889, 0.00000, 0.00000, -0.00000, 0.00000, 1.00000, 0.00000, 43.87377, -18.80166, 0.28916, 1.00000 },
				{ -0.99889, -0.04711, -0.00000, 0.00000, 0.04711, -0.99889, 0.00000, 0.00000, -0.00000, 0.00000, 1.00000, 0.00000, 41.17821, -18.86671, 0.43373, 1.00000 },
				{ -0.99889, -0.04711, -0.00000, 0.00000, 0.04711, -0.99889, 0.00000, 0.00000, -0.00000, 0.00000, 1.00000, 0.00000, 42.67732, -18.91812, 0.43373, 1.00000 },
				{ -0.99889, -0.04711, -0.00000, 0.00000, 0.04711, -0.99889, 0.00000, 0.00000, -0.00000, 0.00000, 1.00000, 0.00000, 43.89199, -18.93451, 0.43373, 1.00000 },
				{ -0.99889, -0.04711, -0.00000, 0.00000, 0.04711, -0.99889, 0.00000, 0.00000, -0.00000, 0.00000, 1.00000, 0.00000, 41.15598, -18.83093, 0.57831, 1.00000 },
				{ -0.99889, -0.04711, -0.00000, 0.00000, 0.04711, -0.99889, 0.00000, 0.00000, -0.00000, 0.00000, 1.00000, 0.00000, 42.67510, -18.79558, 0.57831, 1.00000 },
				{ -0.99889, -0.04711, -0.00000, 0.00000, 0.04711, -0.99889, 0.00000, 0.00000, -0.00000, 0.00000, 1.00000, 0.00000, 43.87228, -18.86843, 0.57831, 1.00000 },
				{ -0.99889, -0.04711, -0.00000, 0.00000, 0.04711, -0.99889, 0.00000, 0.00000, -0.00000, 0.00000, 1.00000, 0.00000, 41.10412, -18.82053, 0.72289, 1.00000 },
				{ -0.99889, -0.04711, -0.00000, 0.00000, 0.04711, -0.99889, 0.00000, 0.00000, -0.00000, 0.00000, 1.00000, 0.00000, 42.68272, -18.77722, 0.72289, 1.00000 },
				{ -0.99889, -0.04711, -0.00000, 0.00000, 0.04711, -0.99889, 0.00000, 0.00000, -0.00000, 0.00000, 1.00000, 0.00000, 43.90456, -18.79623, 0.72289, 1.00000 },
				{ -0.99889, -0.04711, -0.00000, 0.00000, 0.04711, -0.99889, 0.00000, 0.00000, -0.00000, 0.00000, 1.00000, 0.00000, 43.95000, -18.85000, 0.86747, 1.00000 },
			},
			["asset/industry/pipes_small_curved_horizontal_l.mdl"] = {
				{ 1.00000, -0.00000, 0.00000, 0.00000, 0.00000, 1.00000, -0.00000, 0.00000, 0.00000, 0.00000, 1.00000, 0.00000, -5.80000, -0.40000, -0.03147, 1.00000 },
				{ 1.00000, -0.00000, 0.00000, 0.00000, 0.00000, 1.00000, -0.00000, 0.00000, 0.00000, 0.00000, 1.00000, 0.00000, -6.30000, 0.00000, -0.03147, 1.00000 },
			},
			["asset/industry/pipes_small_curved_horizontal_r.mdl"] = {
				{ 1.00000, -0.00000, 0.00000, 0.00000, 0.00000, 1.00000, -0.00000, 0.00000, 0.00000, 0.00000, 1.00000, 0.00000, -5.80000, -0.80000, -0.03147, 1.00000 },
				{ -1.00000, 0.00000, 0.00000, 0.00000, 0.00000, 1.00000, 0.00000, 0.00000, -0.00000, 0.00000, -1.00000, 0.00000, -19.60000, -1.25000, 0.85020, 1.00000 },
				{ -1.00000, 0.00000, 0.00000, 0.00000, 0.00000, 1.00000, 0.00000, 0.00000, -0.00000, 0.00000, -1.00000, 0.00000, -19.90000, -0.80000, 0.85020, 1.00000 },
				{ -1.00000, 0.00000, 0.00000, 0.00000, 0.00000, 1.00000, 0.00000, 0.00000, -0.00000, 0.00000, -1.00000, 0.00000, -20.20000, -0.40000, 0.85020, 1.00000 },
				{ -1.00000, 0.00000, 0.00000, 0.00000, 0.00000, 1.00000, 0.00000, 0.00000, -0.00000, 0.00000, -1.00000, 0.00000, -20.50000, -0.00000, 0.85020, 1.00000 },
				{ 1.00000, -0.00000, 0.00000, 0.00000, 0.00000, 1.00000, -0.00000, 0.00000, 0.00000, 0.00000, 1.00000, 0.00000, -6.30000, -1.25000, -0.03147, 1.00000 },
			},
			["asset/industry/pipes_small_curved_vertical.mdl"] = {
				{ -0.00000, -1.00000, 0.00000, 0.00000, -1.00000, 0.00000, -0.00000, 0.00000, 0.00000, -0.00000, -1.00000, 0.00000, -21.00000, -8.65000, 0.85020, 1.00000 },
				{ -0.00000, -1.00000, 0.00000, 0.00000, -1.00000, 0.00000, -0.00000, 0.00000, 0.00000, -0.00000, -1.00000, 0.00000, -20.70000, -8.65000, 0.85020, 1.00000 },
				{ -0.00000, -1.00000, 0.00000, 0.00000, -1.00000, 0.00000, -0.00000, 0.00000, 0.00000, -0.00000, -1.00000, 0.00000, -20.40000, -8.65000, 0.85020, 1.00000 },
				{ -0.00000, -1.00000, 0.00000, 0.00000, -1.00000, 0.00000, -0.00000, 0.00000, 0.00000, -0.00000, -1.00000, 0.00000, -20.10000, -8.65000, 0.85020, 1.00000 },
				{ -0.00000, 0.00000, 1.00000, 0.00000, 1.00000, 0.00000, 0.00000, 0.00000, -0.00000, 1.00000, -0.00000, 0.00000, -21.00000, -9.59063, 2.87520, 1.00000 },
				{ -0.00000, 0.00000, 1.00000, 0.00000, 1.00000, 0.00000, 0.00000, 0.00000, -0.00000, 1.00000, -0.00000, 0.00000, -20.70000, -9.59063, 2.87520, 1.00000 },
				{ -0.00000, 0.00000, 1.00000, 0.00000, 1.00000, 0.00000, 0.00000, 0.00000, -0.00000, 1.00000, -0.00000, 0.00000, -20.40000, -9.59063, 2.87520, 1.00000 },
				{ -0.00000, 0.00000, 1.00000, 0.00000, 1.00000, 0.00000, 0.00000, 0.00000, -0.00000, 1.00000, -0.00000, 0.00000, -20.10000, -9.59063, 2.87520, 1.00000 },
			},
			["asset/industry/pipes_small_special_01.mdl"] = {
				{ 0.00000, -1.00000, -0.00000, 0.00000, 1.00000, 0.00000, -0.00000, 0.00000, 0.00000, 0.00000, 1.00000, 0.00000, -19.87500, -11.50000, 0.00000, 1.00000 },
				{ 0.00000, -1.00000, -0.00000, 0.00000, 1.00000, 0.00000, -0.00000, 0.00000, 0.00000, 0.00000, 1.00000, 0.00000, -19.87500, -29.60000, 0.00000, 1.00000 },
			},
			["asset/industry/pipes_small_straight.mdl"] = {
				{ -1.00000, 0.00000, 0.00000, 0.00000, -0.00000, -1.00000, -0.00000, 0.00000, 0.00000, -0.00000, 1.00000, 0.00000, -9.30000, -0.00000, -0.03147, 1.00000 },
				{ -1.00000, 0.00000, 0.00000, 0.00000, -0.00000, -1.00000, -0.00000, 0.00000, 0.00000, -0.00000, 1.00000, 0.00000, -12.30000, -0.00000, -0.03147, 1.00000 },
				{ -1.00000, 0.00000, 0.00000, 0.00000, -0.00000, -1.00000, -0.00000, 0.00000, 0.00000, -0.00000, 1.00000, 0.00000, -15.30000, -0.00000, -0.03147, 1.00000 },
				{ -1.73333, 0.00000, 0.00000, 0.00000, -0.00000, -1.00000, -0.00000, 0.00000, 0.00000, -0.00000, 1.00000, 0.00000, -20.50000, -0.00000, -0.03147, 1.00000 },
				{ 0.00000, -1.00000, -0.00000, 0.00000, 1.00000, 0.00000, -0.00000, 0.00000, 0.00000, 0.00000, 1.00000, 0.00000, -5.80020, 0.50000, -0.03147, 1.00000 },
				{ 0.00000, 1.00000, -0.00000, 0.00000, -1.00000, 0.00000, -0.00000, 0.00000, 0.00000, 0.00000, 1.00000, 0.00000, -5.80020, -1.75000, -0.03147, 1.00000 },
				{ 0.00000, -1.00000, -0.00000, 0.00000, 1.00000, 0.00000, -0.00000, 0.00000, 0.00000, 0.00000, 1.00000, 0.00000, -5.30020, 0.10000, -0.03147, 1.00000 },
				{ 0.00000, 1.00000, -0.00000, 0.00000, -1.00000, 0.00000, -0.00000, 0.00000, 0.00000, 0.00000, 1.00000, 0.00000, -5.30020, -1.30000, -0.03147, 1.00000 },
				{ -1.16667, 0.00000, 0.00000, 0.00000, -0.00000, -1.00000, -0.00000, 0.00000, 0.00000, -0.00000, 1.00000, 0.00000, -9.30000, -0.40000, -0.03147, 1.00000 },
				{ -1.00000, 0.00000, 0.00000, 0.00000, -0.00000, -1.00000, -0.00000, 0.00000, 0.00000, -0.00000, 1.00000, 0.00000, -12.30000, -0.40000, -0.03147, 1.00000 },
				{ -1.00000, 0.00000, 0.00000, 0.00000, -0.00000, -1.00000, -0.00000, 0.00000, 0.00000, -0.00000, 1.00000, 0.00000, -15.30000, -0.40000, -0.03147, 1.00000 },
				{ -1.63333, 0.00000, 0.00000, 0.00000, -0.00000, -1.00000, -0.00000, 0.00000, 0.00000, -0.00000, 1.00000, 0.00000, -20.20000, -0.40000, -0.03147, 1.00000 },
				{ -1.00000, 0.00000, 0.00000, 0.00000, -0.00000, -1.00000, -0.00000, 0.00000, 0.00000, -0.00000, 1.00000, 0.00000, -9.30000, -1.25000, -0.03147, 1.00000 },
				{ -1.00000, 0.00000, 0.00000, 0.00000, -0.00000, -1.00000, -0.00000, 0.00000, 0.00000, -0.00000, 1.00000, 0.00000, -12.30000, -1.25000, -0.03147, 1.00000 },
				{ -1.00000, 0.00000, 0.00000, 0.00000, -0.00000, -1.00000, -0.00000, 0.00000, 0.00000, -0.00000, 1.00000, 0.00000, -15.30000, -1.25000, -0.03147, 1.00000 },
				{ -1.43333, 0.00000, 0.00000, 0.00000, -0.00000, -1.00000, -0.00000, 0.00000, 0.00000, -0.00000, 1.00000, 0.00000, -19.60000, -1.25000, -0.03147, 1.00000 },
				{ -0.00000, 1.30000, 0.00000, 0.00000, -1.00000, -0.00000, -0.00000, 0.00000, 0.00000, -0.00000, 1.00000, 0.00000, -20.10000, -1.75000, -0.03147, 1.00000 },
				{ -0.00000, 1.00000, 0.00000, 0.00000, -1.00000, -0.00000, -0.00000, 0.00000, 0.00000, -0.00000, 1.00000, 0.00000, -20.10000, -5.65000, -0.03147, 1.00000 },
				{ -0.00000, 1.00000, 0.00000, 0.00000, -1.00000, -0.00000, -0.00000, 0.00000, 0.00000, -0.00000, 1.00000, 0.00000, -20.10000, -9.59063, 2.93417, 1.00000 },
				{ -0.00000, 1.00000, 0.00000, 0.00000, -1.00000, -0.00000, -0.00000, 0.00000, 0.00000, -0.00000, 1.00000, 0.00000, -20.10000, -12.59063, 2.93417, 1.00000 },
				{ -0.00000, 1.00000, 0.00000, 0.00000, -1.00000, -0.00000, -0.00000, 0.00000, 0.00000, -0.00000, 1.00000, 0.00000, -20.10000, -15.59063, 2.93417, 1.00000 },
				{ -0.00000, 1.00000, 0.00000, 0.00000, -1.00000, -0.00000, -0.00000, 0.00000, 0.00000, -0.00000, 1.00000, 0.00000, -20.10000, -18.59064, 2.93417, 1.00000 },
				{ -0.00000, 1.00000, 0.00000, 0.00000, -1.00000, -0.00000, -0.00000, 0.00000, 0.00000, -0.00000, 1.00000, 0.00000, -20.10000, -21.59063, 2.93417, 1.00000 },
				{ -0.00000, 1.00000, 0.00000, 0.00000, -1.00000, -0.00000, -0.00000, 0.00000, 0.00000, -0.00000, 1.00000, 0.00000, -20.10000, -24.59063, 2.93417, 1.00000 },
				{ -0.00000, 1.00000, 0.00000, 0.00000, -1.00000, -0.00000, -0.00000, 0.00000, 0.00000, -0.00000, 1.00000, 0.00000, -20.10000, -27.59063, 2.93417, 1.00000 },
				{ -0.00000, 1.00000, 0.00000, 0.00000, -1.00000, -0.00000, -0.00000, 0.00000, 0.00000, -0.00000, 1.00000, 0.00000, -20.10000, -30.59063, 2.93417, 1.00000 },
				{ -0.00000, 1.00000, 0.00000, 0.00000, -1.00000, -0.00000, -0.00000, 0.00000, 0.00000, -0.00000, 1.00000, 0.00000, -20.40000, -2.65000, -0.03147, 1.00000 },
				{ -0.00000, 0.45000, 0.00000, 0.00000, -1.00000, -0.00000, -0.00000, 0.00000, 0.00000, -0.00000, 1.00000, 0.00000, -20.40000, -1.30000, -0.03147, 1.00000 },
				{ -0.00000, 1.00000, 0.00000, 0.00000, -1.00000, -0.00000, -0.00000, 0.00000, 0.00000, -0.00000, 1.00000, 0.00000, -20.40000, -5.65000, -0.03147, 1.00000 },
				{ -0.00000, 1.00000, 0.00000, 0.00000, -1.00000, -0.00000, -0.00000, 0.00000, 0.00000, -0.00000, 1.00000, 0.00000, -20.40000, -9.59063, 2.93417, 1.00000 },
				{ -0.00000, 1.00000, 0.00000, 0.00000, -1.00000, -0.00000, -0.00000, 0.00000, 0.00000, -0.00000, 1.00000, 0.00000, -20.40000, -12.59063, 2.93417, 1.00000 },
				{ -0.00000, 1.00000, 0.00000, 0.00000, -1.00000, -0.00000, -0.00000, 0.00000, 0.00000, -0.00000, 1.00000, 0.00000, -20.40000, -15.59063, 2.93417, 1.00000 },
				{ -0.00000, 1.00000, 0.00000, 0.00000, -1.00000, -0.00000, -0.00000, 0.00000, 0.00000, -0.00000, 1.00000, 0.00000, -20.40000, -18.59064, 2.93417, 1.00000 },
				{ -0.00000, 1.00000, 0.00000, 0.00000, -1.00000, -0.00000, -0.00000, 0.00000, 0.00000, -0.00000, 1.00000, 0.00000, -20.40000, -21.59063, 2.93417, 1.00000 },
				{ -0.00000, 1.00000, 0.00000, 0.00000, -1.00000, -0.00000, -0.00000, 0.00000, 0.00000, -0.00000, 1.00000, 0.00000, -20.40000, -24.59063, 2.93417, 1.00000 },
				{ -0.00000, 1.00000, 0.00000, 0.00000, -1.00000, -0.00000, -0.00000, 0.00000, 0.00000, -0.00000, 1.00000, 0.00000, -20.40000, -27.59063, 2.93417, 1.00000 },
				{ -0.00000, 1.00000, 0.00000, 0.00000, -1.00000, -0.00000, -0.00000, 0.00000, 0.00000, -0.00000, 1.00000, 0.00000, -20.40000, -30.59063, 2.93417, 1.00000 },
				{ -0.00000, 1.00000, 0.00000, 0.00000, -1.00000, -0.00000, -0.00000, 0.00000, 0.00000, -0.00000, 1.00000, 0.00000, -20.70000, -2.65000, -0.03147, 1.00000 },
				{ -0.00000, 0.58333, 0.00000, 0.00000, -1.00000, -0.00000, -0.00000, 0.00000, 0.00000, -0.00000, 1.00000, 0.00000, -20.70000, -0.90000, -0.03147, 1.00000 },
				{ -0.00000, 1.00000, 0.00000, 0.00000, -1.00000, -0.00000, -0.00000, 0.00000, 0.00000, -0.00000, 1.00000, 0.00000, -20.70000, -5.65000, -0.03147, 1.00000 },
				{ -0.00000, 1.00000, 0.00000, 0.00000, -1.00000, -0.00000, -0.00000, 0.00000, 0.00000, -0.00000, 1.00000, 0.00000, -20.70000, -9.59063, 2.93417, 1.00000 },
				{ -0.00000, 1.00000, 0.00000, 0.00000, -1.00000, -0.00000, -0.00000, 0.00000, 0.00000, -0.00000, 1.00000, 0.00000, -20.70000, -12.59063, 2.93417, 1.00000 },
				{ -0.00000, 1.00000, 0.00000, 0.00000, -1.00000, -0.00000, -0.00000, 0.00000, 0.00000, -0.00000, 1.00000, 0.00000, -20.70000, -15.59063, 2.93417, 1.00000 },
				{ -0.00000, 1.00000, 0.00000, 0.00000, -1.00000, -0.00000, -0.00000, 0.00000, 0.00000, -0.00000, 1.00000, 0.00000, -20.70000, -18.59064, 2.93417, 1.00000 },
				{ -0.00000, 1.00000, 0.00000, 0.00000, -1.00000, -0.00000, -0.00000, 0.00000, 0.00000, -0.00000, 1.00000, 0.00000, -20.70000, -21.59063, 2.93417, 1.00000 },
				{ -0.00000, 1.00000, 0.00000, 0.00000, -1.00000, -0.00000, -0.00000, 0.00000, 0.00000, -0.00000, 1.00000, 0.00000, -20.70000, -24.59063, 2.93417, 1.00000 },
				{ -0.00000, 1.00000, 0.00000, 0.00000, -1.00000, -0.00000, -0.00000, 0.00000, 0.00000, -0.00000, 1.00000, 0.00000, -20.70000, -27.59063, 2.93417, 1.00000 },
				{ -0.00000, 1.00000, 0.00000, 0.00000, -1.00000, -0.00000, -0.00000, 0.00000, 0.00000, -0.00000, 1.00000, 0.00000, -20.70000, -30.59063, 2.93417, 1.00000 },
				{ -0.00000, 1.00000, 0.00000, 0.00000, -1.00000, -0.00000, -0.00000, 0.00000, 0.00000, -0.00000, 1.00000, 0.00000, -21.00000, -2.65000, -0.03147, 1.00000 },
				{ -0.00000, 0.71667, 0.00000, 0.00000, -1.00000, -0.00000, -0.00000, 0.00000, 0.00000, -0.00000, 1.00000, 0.00000, -21.00000, -0.50000, -0.03147, 1.00000 },
				{ -0.00000, 1.00000, 0.00000, 0.00000, -1.00000, -0.00000, -0.00000, 0.00000, 0.00000, -0.00000, 1.00000, 0.00000, -21.00000, -5.65000, -0.03147, 1.00000 },
				{ -0.00000, 1.00000, 0.00000, 0.00000, -1.00000, -0.00000, -0.00000, 0.00000, 0.00000, -0.00000, 1.00000, 0.00000, -21.00000, -9.59063, 2.93417, 1.00000 },
				{ -0.00000, 1.00000, 0.00000, 0.00000, -1.00000, -0.00000, -0.00000, 0.00000, 0.00000, -0.00000, 1.00000, 0.00000, -21.00000, -12.59063, 2.93417, 1.00000 },
				{ -0.00000, 1.00000, 0.00000, 0.00000, -1.00000, -0.00000, -0.00000, 0.00000, 0.00000, -0.00000, 1.00000, 0.00000, -21.00000, -15.59063, 2.93417, 1.00000 },
				{ -0.00000, 1.00000, 0.00000, 0.00000, -1.00000, -0.00000, -0.00000, 0.00000, 0.00000, -0.00000, 1.00000, 0.00000, -21.00000, -18.59064, 2.93417, 1.00000 },
				{ -0.00000, 1.00000, 0.00000, 0.00000, -1.00000, -0.00000, -0.00000, 0.00000, 0.00000, -0.00000, 1.00000, 0.00000, -21.00000, -21.59063, 2.93417, 1.00000 },
				{ -0.00000, 1.00000, 0.00000, 0.00000, -1.00000, -0.00000, -0.00000, 0.00000, 0.00000, -0.00000, 1.00000, 0.00000, -21.00000, -24.59063, 2.93417, 1.00000 },
				{ -0.00000, 1.00000, 0.00000, 0.00000, -1.00000, -0.00000, -0.00000, 0.00000, 0.00000, -0.00000, 1.00000, 0.00000, -21.00000, -27.59063, 2.93417, 1.00000 },
				{ -0.00000, 1.00000, 0.00000, 0.00000, -1.00000, -0.00000, -0.00000, 0.00000, 0.00000, -0.00000, 1.00000, 0.00000, -21.00000, -30.59063, 2.93417, 1.00000 },
				{ 0.00000, 0.00000, -0.67500, 0.00000, -1.00000, -0.00000, -0.00000, 0.00000, -0.00000, 1.00000, 0.00000, 0.00000, -21.00000, -9.59063, 0.85020, 1.00000 },
				{ 0.00000, 0.00000, -0.67500, 0.00000, -1.00000, -0.00000, -0.00000, 0.00000, -0.00000, 1.00000, 0.00000, 0.00000, -20.70000, -9.59063, 0.85020, 1.00000 },
				{ 0.00000, 0.00000, -0.67500, 0.00000, -1.00000, -0.00000, -0.00000, 0.00000, -0.00000, 1.00000, 0.00000, 0.00000, -20.40000, -9.59063, 0.85020, 1.00000 },
				{ 0.00000, 0.00000, -0.67500, 0.00000, -1.00000, -0.00000, -0.00000, 0.00000, -0.00000, 1.00000, 0.00000, 0.00000, -20.10000, -9.59063, 0.85020, 1.00000 },
				{ -1.16667, 0.00000, 0.00000, 0.00000, -0.00000, -1.00000, -0.00000, 0.00000, 0.00000, -0.00000, 1.00000, 0.00000, -9.30000, -0.80000, -0.03147, 1.00000 },
				{ -1.00000, 0.00000, 0.00000, 0.00000, -0.00000, -1.00000, -0.00000, 0.00000, 0.00000, -0.00000, 1.00000, 0.00000, -12.30000, -0.80000, -0.03147, 1.00000 },
				{ -1.00000, 0.00000, 0.00000, 0.00000, -0.00000, -1.00000, -0.00000, 0.00000, 0.00000, -0.00000, 1.00000, 0.00000, -15.30000, -0.80000, -0.03147, 1.00000 },
				{ -1.53333, 0.00000, 0.00000, 0.00000, -0.00000, -1.00000, -0.00000, 0.00000, 0.00000, -0.00000, 1.00000, 0.00000, -19.90000, -0.80000, -0.03147, 1.00000 },
			},
			["asset/industry/wooden_box_01.mdl"] = {
				{ 1.00000, 0.00000, 0.00000, 0.00000, 0.00000, 1.00000, 0.00000, 0.00000, 0.00000, 0.00000, 1.00000, 0.00000, 5.00000, -33.50000, 0.00000, 1.00000 },
				{ 1.00000, 0.00000, 0.00000, 0.00000, 0.00000, 1.00000, 0.00000, 0.00000, 0.00000, 0.00000, 1.00000, 0.00000, 6.17411, -33.51671, 0.00000, 1.00000 },
				{ 1.00000, 0.00000, 0.00000, 0.00000, 0.00000, 1.00000, 0.00000, 0.00000, 0.00000, 0.00000, 1.00000, 0.00000, 7.31912, -33.56812, 0.00000, 1.00000 },
				{ 1.00000, 0.00000, 0.00000, 0.00000, 0.00000, 1.00000, 0.00000, 0.00000, 0.00000, 0.00000, 1.00000, 0.00000, 4.97930, -33.56994, 0.88613, 1.00000 },
				{ 1.00000, 0.00000, 0.00000, 0.00000, 0.00000, 1.00000, 0.00000, 0.00000, 0.00000, 0.00000, 1.00000, 0.00000, 6.15188, -33.48093, 0.88613, 1.00000 },
				{ 1.00000, 0.00000, 0.00000, 0.00000, 0.00000, 1.00000, 0.00000, 0.00000, 0.00000, 0.00000, 1.00000, 0.00000, 7.31691, -33.44558, 0.88613, 1.00000 },
				{ 1.00000, 0.00000, 0.00000, 0.00000, 0.00000, 1.00000, 0.00000, 0.00000, 0.00000, 0.00000, 1.00000, 0.00000, 4.95958, -34.90387, 0.00000, 1.00000 },
				{ 0.99939, 0.03490, 0.00000, 0.00000, -0.03490, 0.99939, 0.00000, 0.00000, -0.00000, -0.00000, 1.00000, 0.00000, 3.80958, -34.90387, 0.00000, 1.00000 },
				{ 1.00000, 0.00000, 0.00000, 0.00000, 0.00000, 1.00000, 0.00000, 0.00000, 0.00000, 0.00000, 1.00000, 0.00000, 6.10002, -34.87053, 0.00000, 1.00000 },
				{ 1.00000, 0.00000, 0.00000, 0.00000, 0.00000, 1.00000, 0.00000, 0.00000, 0.00000, 0.00000, 1.00000, 0.00000, 7.32452, -34.82722, 0.00000, 1.00000 },
