local industryutil = require "industryutil"

--Begin Generated
local generatedData = {
	["level1"] = {
		models = {
			["asset/ground/barrel_steel.mdl"] = {
				{ -0.38912, -0.92119, 0.00000, 0.00000, 0.92119, -0.38912, 0.00000, 0.00000, 0.00000, 0.00000, 1.00000, 0.00000, -66.34570, 33.67552, -0.00000, 1.00000 },
				{ -0.01293, 0.26394, 0.96445, 0.00000, -0.00354, -0.96454, 0.26392, 0.00000, 0.99991, 0.00000, 0.01341, 0.00000, -60.59426, 34.90812, 0.38320, 1.00000 },
				{ -0.15809, -0.98743, 0.00000, 0.00000, 0.98743, -0.15809, 0.00000, 0.00000, 0.00000, 0.00000, 1.00000, 0.00000, -62.03512, 34.80862, -0.00000, 1.00000 },
				{ -0.15809, -0.98743, 0.00000, 0.00000, 0.98743, -0.15809, 0.00000, 0.00000, 0.00000, 0.00000, 1.00000, 0.00000, -62.03512, -38.39138, -0.00000, 1.00000 },
				{ 0.17608, -0.98438, 0.00000, 0.00000, 0.98438, 0.17608, 0.00000, 0.00000, 0.00000, 0.00000, 1.00000, 0.00000, -63.45557, 34.77285, -0.00000, 1.00000 },
				{ 0.17608, -0.98438, 0.00000, 0.00000, 0.98438, 0.17608, 0.00000, 0.00000, 0.00000, 0.00000, 1.00000, 0.00000, -63.45557, -38.42715, -0.00000, 1.00000 },
				{ 0.04134, -0.99914, 0.00000, 0.00000, 0.99914, 0.04134, 0.00000, 0.00000, 0.00000, 0.00000, 1.00000, 0.00000, -64.88259, 34.90587, -0.00000, 1.00000 },
				{ 0.04134, -0.99914, 0.00000, 0.00000, 0.99914, 0.04134, 0.00000, 0.00000, 0.00000, 0.00000, 1.00000, 0.00000, -64.88259, -38.29413, -0.00000, 1.00000 },
				{ 0.04134, -0.99914, 0.00000, 0.00000, 0.99914, 0.04134, 0.00000, 0.00000, 0.00000, 0.00000, 1.00000, 0.00000, -60.68259, -38.29413, -0.00000, 1.00000 },
				{ 0.04134, -0.99914, 0.00000, 0.00000, 0.99914, 0.04134, 0.00000, 0.00000, 0.00000, 0.00000, 1.00000, 0.00000, -59.22259, -38.29413, -0.00000, 1.00000 },
				{ 0.08251, 0.99659, 0.00000, 0.00000, -0.99659, 0.08251, 0.00000, 0.00000, 0.00000, 0.00000, 1.00000, 0.00000, -66.26337, 34.86253, -0.00000, 1.00000 },
				{ 0.08251, 0.99659, 0.00000, 0.00000, -0.99659, 0.08251, 0.00000, 0.00000, 0.00000, 0.00000, 1.00000, 0.00000, -66.26337, -38.33747, -0.00000, 1.00000 },
				{ 0.94564, -0.32521, 0.00000, 0.00000, 0.26704, 0.77651, 0.57071, 0.00000, -0.18560, -0.53969, 0.82115, 0.00000, -59.91860, 36.02942, 0.12000, 1.00000 },
				{ 0.99955, -0.02990, 0.00000, 0.00000, 0.02990, 0.99955, 0.00000, 0.00000, 0.00000, 0.00000, 1.00000, 0.00000, -61.97911, 36.05631, -0.00000, 1.00000 },
				{ 0.99955, -0.02990, 0.00000, 0.00000, 0.02990, 0.99955, 0.00000, 0.00000, 0.00000, 0.00000, 1.00000, 0.00000, -61.97911, -37.14369, -0.00000, 1.00000 },
				{ 0.16218, -0.98676, 0.00000, 0.00000, 0.98676, 0.16218, 0.00000, 0.00000, 0.00000, 0.00000, 1.00000, 0.00000, -63.48973, 36.09317, -0.00000, 1.00000 },
				{ 0.16218, -0.98676, 0.00000, 0.00000, 0.98676, 0.16218, 0.00000, 0.00000, 0.00000, 0.00000, 1.00000, 0.00000, -63.48973, -37.10683, -0.00000, 1.00000 },
				{ 0.11235, -0.99367, 0.00000, 0.00000, 0.99367, 0.11235, 0.00000, 0.00000, 0.00000, 0.00000, 1.00000, 0.00000, -64.84521, 36.00686, -0.00000, 1.00000 },
				{ 0.11235, -0.99367, 0.00000, 0.00000, 0.99367, 0.11235, 0.00000, 0.00000, 0.00000, 0.00000, 1.00000, 0.00000, -64.84521, -37.19314, -0.00000, 1.00000 },
				{ 0.11235, -0.99367, 0.00000, 0.00000, 0.99367, 0.11235, 0.00000, 0.00000, 0.00000, 0.00000, 1.00000, 0.00000, -60.64521, -37.19314, -0.00000, 1.00000 },
				{ 0.11235, -0.99367, 0.00000, 0.00000, 0.99367, 0.11235, 0.00000, 0.00000, 0.00000, 0.00000, 1.00000, 0.00000, -59.18521, -37.19314, -0.00000, 1.00000 },
				{ -0.99968, 0.02532, 0.00000, 0.00000, -0.02532, -0.99968, 0.00000, 0.00000, 0.00000, 0.00000, 1.00000, 0.00000, -66.30871, 36.11499, -0.00000, 1.00000 },
				{ -0.99968, 0.02532, 0.00000, 0.00000, -0.02532, -0.99968, 0.00000, 0.00000, 0.00000, 0.00000, 1.00000, 0.00000, -66.30871, -37.08501, -0.00000, 1.00000 },
				{ -0.28045, -0.95987, 0.00000, 0.00000, 0.95987, -0.28045, 0.00000, 0.00000, 0.00000, 0.00000, 1.00000, 0.00000, -60.55702, 37.32463, -0.00000, 1.00000 },
				{ -0.28045, -0.95987, 0.00000, 0.00000, 0.95987, -0.28045, 0.00000, 0.00000, 0.00000, 0.00000, 1.00000, 0.00000, -42.00702, 30.22463, -0.00000, 1.00000 },
				{ -0.09658, 0.99532, 0.00000, 0.00000, -0.99532, -0.09658, 0.00000, 0.00000, 0.00000, 0.00000, 1.00000, 0.00000, -62.06812, 37.27737, -0.00000, 1.00000 },
				{ -0.09658, 0.99532, 0.00000, 0.00000, -0.99532, -0.09658, 0.00000, 0.00000, 0.00000, 0.00000, 1.00000, 0.00000, -62.06812, -35.92263, -0.00000, 1.00000 },
				{ -0.90691, -0.42133, 0.00000, 0.00000, 0.42133, -0.90691, 0.00000, 0.00000, 0.00000, 0.00000, 1.00000, 0.00000, -63.48927, 37.24099, -0.00000, 1.00000 },
				{ -0.90691, -0.42133, 0.00000, 0.00000, 0.42133, -0.90691, 0.00000, 0.00000, 0.00000, 0.00000, 1.00000, 0.00000, -63.48927, -35.95901, -0.00000, 1.00000 },
				{ 0.42768, -0.90393, 0.00000, 0.00000, 0.90393, 0.42768, 0.00000, 0.00000, 0.00000, 0.00000, 1.00000, 0.00000, -64.84615, 37.30460, -0.00000, 1.00000 },
				{ 0.42768, -0.90393, 0.00000, 0.00000, 0.90393, 0.42768, 0.00000, 0.00000, 0.00000, 0.00000, 1.00000, 0.00000, -64.84615, -35.89540, -0.00000, 1.00000 },
				{ 0.42768, -0.90393, 0.00000, 0.00000, 0.90393, 0.42768, 0.00000, 0.00000, 0.00000, 0.00000, 1.00000, 0.00000, -60.64615, -35.89540, -0.00000, 1.00000 },
				{ 0.42768, -0.90393, 0.00000, 0.00000, 0.90393, 0.42768, 0.00000, 0.00000, 0.00000, 0.00000, 1.00000, 0.00000, -59.18615, -35.89540, -0.00000, 1.00000 },
				{ 0.42768, -0.90393, 0.00000, 0.00000, 0.90393, 0.42768, 0.00000, 0.00000, 0.00000, 0.00000, 1.00000, 0.00000, 18.21385, -8.49540, 0.28000, 1.00000 },
				{ -0.97929, 0.20244, 0.00000, 0.00000, -0.20244, -0.97929, 0.00000, 0.00000, 0.00000, 0.00000, 1.00000, 0.00000, 19.15385, -8.61540, 0.28000, 1.00000 },
				{ -0.41175, 0.91129, 0.00000, 0.00000, -0.91129, -0.41175, 0.00000, 0.00000, 0.00000, 0.00000, 1.00000, 0.00000, -66.29360, 37.26603, -0.00000, 1.00000 },
				{ -0.41175, 0.91129, 0.00000, 0.00000, -0.91129, -0.41175, 0.00000, 0.00000, 0.00000, 0.00000, 1.00000, 0.00000, -66.29360, -35.93398, -0.00000, 1.00000 },
				{ 0.34507, -0.93858, 0.00000, 0.00000, 0.93858, 0.34507, 0.00000, 0.00000, 0.00000, 0.00000, 1.00000, 0.00000, -60.61418, 38.37368, -0.00000, 1.00000 },
				{ 0.91530, -0.40278, 0.00000, 0.00000, 0.40278, 0.91530, 0.00000, 0.00000, 0.00000, 0.00000, 1.00000, 0.00000, -61.98979, 38.37566, -0.00000, 1.00000 },
				{ 0.91530, -0.40278, 0.00000, 0.00000, 0.40278, 0.91530, 0.00000, 0.00000, 0.00000, 0.00000, 1.00000, 0.00000, -61.98979, -34.82434, -0.00000, 1.00000 },
				{ 0.91530, -0.40278, 0.00000, 0.00000, 0.40278, 0.91530, 0.00000, 0.00000, 0.00000, 0.00000, 1.00000, 0.00000, -62.15979, -32.90434, 0.15000, 1.00000 },
				{ 0.93178, -0.36301, 0.00000, 0.00000, 0.36301, 0.93178, 0.00000, 0.00000, 0.00000, 0.00000, 1.00000, 0.00000, -63.41583, 38.43176, -0.00000, 1.00000 },
				{ 0.93178, -0.36301, 0.00000, 0.00000, 0.36301, 0.93178, 0.00000, 0.00000, 0.00000, 0.00000, 1.00000, 0.00000, -63.41583, -34.76824, -0.00000, 1.00000 },
				{ 0.19751, -0.98030, 0.00000, 0.00000, 0.98030, 0.19751, 0.00000, 0.00000, 0.00000, 0.00000, 1.00000, 0.00000, -66.24898, 38.52095, -0.00000, 1.00000 },
				{ 0.19751, -0.98030, 0.00000, 0.00000, 0.98030, 0.19751, 0.00000, 0.00000, 0.00000, 0.00000, 1.00000, 0.00000, -66.24898, -34.67905, -0.00000, 1.00000 },
				{ -0.76474, 0.64434, 0.00000, 0.00000, -0.64434, -0.76474, 0.00000, 0.00000, 0.00000, 0.00000, 1.00000, 0.00000, -64.91466, 38.51864, -0.00000, 1.00000 },
				{ -0.76474, 0.64434, 0.00000, 0.00000, -0.64434, -0.76474, 0.00000, 0.00000, 0.00000, 0.00000, 1.00000, 0.00000, -64.91466, -34.68136, -0.00000, 1.00000 },
				{ -0.76474, 0.64434, 0.00000, 0.00000, -0.64434, -0.76474, 0.00000, 0.00000, 0.00000, 0.00000, 1.00000, 0.00000, -60.71466, -34.68136, -0.00000, 1.00000 },
				{ -0.76474, 0.64434, 0.00000, 0.00000, -0.64434, -0.76474, 0.00000, 0.00000, 0.00000, 0.00000, 1.00000, 0.00000, -60.01466, -32.26136, 0.13000, 1.00000 },
				{ -0.76474, 0.64434, 0.00000, 0.00000, -0.64434, -0.76474, 0.00000, 0.00000, 0.00000, 0.00000, 1.00000, 0.00000, -59.25466, -34.68136, -0.00000, 1.00000 },
			},
			["asset/ground/container_big_steel.mdl"] = {
				{ 0.82511, 0.56497, 0.00000, 0.00000, -0.56497, 0.82511, 0.00000, 0.00000, 0.00000, 0.00000, 1.00000, 0.00000, 14.17824, 42.50000, -0.00000, 1.00000 },
				{ 0.99211, 0.12533, 0.00000, 0.00000, -0.12533, 0.99211, 0.00000, 0.00000, 0.00000, 0.00000, 1.00000, 0.00000, 19.27824, 44.00000, -0.00000, 1.00000 },
			},
			["asset/ground/container_fluid.mdl"] = {
				{ 0.98541, -0.17021, 0.00000, 0.00000, 0.17021, 0.98541, 0.00000, 0.00000, 0.00000, 0.00000, 1.00000, 0.00000, 22.75473, 10.15000, 0.26000, 1.00000 },
				{ 0.99756, 0.06976, 0.00000, 0.00000, -0.06976, 0.99756, 0.00000, 0.00000, 0.00000, 0.00000, 1.00000, 0.00000, 24.87473, 10.15000, 0.26000, 1.00000 },
			},
			["asset/ground/container_hexagon.mdl"] = {
				{ 0.99998, 0.00548, 0.00000, 0.00000, -0.00548, 0.99998, 0.00000, 0.00000, 0.00000, 0.00000, 1.00000, 0.00000, 11.54121, 34.75000, -0.00000, 1.00000 },
				{ 0.99993, 0.01213, 0.00000, 0.00000, -0.01213, 0.99993, 0.00000, 0.00000, 0.00000, 0.00000, 1.00000, 0.00000, 14.64121, 34.75000, -0.00000, 1.00000 },
				{ 0.99993, 0.01157, 0.00000, 0.00000, -0.01157, 0.99993, 0.00000, 0.00000, 0.00000, 0.00000, 1.00000, 0.00000, 17.69121, 34.75000, -0.00000, 1.00000 },
				{ 0.99558, -0.09396, 0.00000, 0.00000, 0.09396, 0.99558, 0.00000, 0.00000, 0.00000, 0.00000, 1.00000, 0.00000, 20.44121, 34.75000, -0.00000, 1.00000 },
			},
			["asset/ground/container_waste1.mdl"] = {
				{ -0.00000, 1.00000, 0.00000, 0.00000, -1.00000, -0.00000, 0.00000, 0.00000, 0.00000, 0.00000, 1.00000, 0.00000, -21.91088, 30.00701, -0.00000, 1.00000 },
				{ -0.00000, 1.00000, 0.00000, 0.00000, -1.00000, -0.00000, 0.00000, 0.00000, 0.00000, 0.00000, 1.00000, 0.00000, -21.91088, -35.79300, -0.00000, 1.00000 },
			},
			["asset/ground/container_waste2.mdl"] = {
				{ -0.00000, 1.00000, 0.00000, 0.00000, -1.00000, -0.00000, 0.00000, 0.00000, 0.00000, 0.00000, 1.00000, 0.00000, -21.91088, 33.43525, -0.00000, 1.00000 },
				{ -0.00000, 1.00000, 0.00000, 0.00000, -1.00000, -0.00000, 0.00000, 0.00000, 0.00000, 0.00000, 1.00000, 0.00000, -21.91088, -31.96475, -0.00000, 1.00000 },
				{ 0.19423, 0.98096, 0.00000, 0.00000, -0.98096, 0.19423, 0.00000, 0.00000, 0.00000, 0.00000, 1.00000, 0.00000, -21.68088, 36.24525, -0.00000, 1.00000 },
				{ 0.99780, 0.06627, 0.00000, 0.00000, -0.06627, 0.99780, 0.00000, 0.00000, 0.00000, 0.00000, 1.00000, 0.00000, -18.63088, -29.20475, -0.00000, 1.00000 },
			},
			["asset/ground/container_wood.mdl"] = {
				{ -0.99780, -0.06627, 0.00000, 0.00000, 0.06627, -0.99780, 0.00000, 0.00000, 0.00000, 0.00000, 1.00000, 0.00000, -45.59000, -48.59000, -0.00000, 1.00000 },
				{ -0.99881, 0.04885, 0.00000, 0.00000, -0.04885, -0.99881, 0.00000, 0.00000, 0.00000, 0.00000, 1.00000, 0.00000, -43.11000, -48.59000, -0.00000, 1.00000 },
				{ -0.99978, 0.02094, 0.00000, 0.00000, -0.02094, -0.99978, 0.00000, 0.00000, 0.00000, 0.00000, 1.00000, 0.00000, -40.63000, -48.59000, -0.00000, 1.00000 },
				{ -0.99998, 0.00698, 0.00000, 0.00000, -0.00698, -0.99998, 0.00000, 0.00000, 0.00000, 0.00000, 1.00000, 0.00000, -38.15000, -48.84000, -0.00000, 1.00000 },
			},
			["asset/industry/metal_beam_01.mdl"] = {
				{ 0.15643, 0.98769, 0.00000, 0.00000, -0.98769, 0.15643, 0.00000, 0.00000, 0.00000, 0.00000, 1.00000, 0.00000, 32.00000, 32.80000, 0.00000, 1.00000 },
				{ 0.00000, 1.00000, 0.00000, 0.00000, -1.00000, 0.00000, 0.00000, 0.00000, 0.00000, -0.00000, 1.00000, 0.00000, 48.10000, 32.40000, 0.00000, 1.00000 },
				{ 0.00000, 1.00000, 0.00000, 0.00000, -1.00000, 0.00000, 0.00000, 0.00000, 0.00000, -0.00000, 1.00000, 0.00000, 39.50000, 34.50000, 0.00000, 1.00000 },
				{ 0.00000, 1.00000, 0.00000, 0.00000, -1.00000, 0.00000, 0.00000, 0.00000, 0.00000, -0.00000, 1.00000, 0.00000, 39.90000, 32.80000, 0.00000, 1.00000 },
				{ 0.00000, 1.00000, 0.00000, 0.00000, -1.00000, 0.00000, 0.00000, 0.00000, 0.00000, -0.00000, 1.00000, 0.00000, 30.40000, 34.80000, 0.00000, 1.00000 },
				{ 0.00000, 1.00000, 0.00000, 0.00000, -1.00000, 0.00000, 0.00000, 0.00000, 0.00000, 0.00000, 1.00000, 0.00000, 47.60000, 34.65000, 0.00000, 1.00000 },
			},
			["asset/industry/pallet_01.mdl"] = {
				{ 0.98832, 0.15241, 0.00000, 0.00000, -0.15241, 0.98832, 0.00000, 0.00000, 0.00000, 0.00000, 1.00000, 0.00000, 48.96000, 28.06500, 0.00000, 1.00000 },
				{ 0.98832, 0.15241, 0.00000, 0.00000, -0.15037, 0.97505, -0.16333, 0.00000, -0.02489, 0.16142, 0.98657, 0.00000, 56.85200, -27.73500, 0.09500, 1.00000 },
				{ 0.97729, -0.21189, 0.00000, 0.00000, 0.21189, 0.97729, 0.00000, 0.00000, 0.00000, 0.00000, 1.00000, 0.00000, 55.62000, 23.56500, 0.00000, 1.00000 },
				{ 0.97729, -0.21189, 0.00000, 0.00000, 0.21189, 0.97729, 0.00000, 0.00000, 0.00000, 0.00000, 1.00000, 0.00000, 56.92000, -28.54500, 0.00000, 1.00000 },
				{ 0.87093, -0.49141, 0.00000, 0.00000, 0.49141, 0.87093, 0.00000, 0.00000, 0.00000, 0.00000, 1.00000, 0.00000, 39.72000, 26.18500, 0.00000, 1.00000 },
				{ 0.87093, -0.49141, 0.00000, 0.00000, 0.49141, 0.87093, 0.00000, 0.00000, 0.00000, 0.00000, 1.00000, 0.00000, 39.72000, -28.71500, 0.00000, 1.00000 },
				{ 0.87093, -0.49141, 0.00000, 0.00000, 0.49141, 0.87093, 0.00000, 0.00000, 0.00000, 0.00000, 1.00000, 0.00000, -64.76000, -31.11500, 0.00000, 1.00000 },
				{ 0.99129, 0.13168, 0.00000, 0.00000, -0.13168, 0.99129, 0.00000, 0.00000, 0.00000, 0.00000, 1.00000, 0.00000, -60.00000, -32.17500, 0.00000, 1.00000 },
				{ 0.94795, 0.31841, 0.00000, 0.00000, -0.31841, 0.94795, 0.00000, 0.00000, 0.00000, 0.00000, 1.00000, 0.00000, -62.22000, -32.85500, 0.00000, 1.00000 },
				{ 0.99969, -0.02501, 0.00000, 0.00000, 0.01037, 0.41456, 0.90996, 0.00000, -0.02276, -0.90968, 0.41469, 0.00000, 38.16000, 29.34500, 0.55000, 1.00000 },
				{ -0.21189, -0.97729, 0.00000, 0.00000, 0.40528, -0.08787, 0.90996, 0.00000, -0.88930, 0.19281, 0.41469, 0.00000, 50.38000, -27.70500, 0.55000, 1.00000 },
				{ 0.96972, -0.24421, 0.00000, 0.00000, 0.24421, 0.96972, 0.00000, 0.00000, 0.00000, 0.00000, 1.00000, 0.00000, 46.93000, 28.38500, 0.72000, 1.00000 },
				{ 0.96206, -0.27284, 0.00000, 0.00000, 0.27284, 0.96206, 0.00000, 0.00000, 0.00000, 0.00000, 1.00000, 0.00000, 46.93000, 28.38500, 0.00000, 1.00000 },
				{ 0.98108, -0.19359, 0.00000, 0.00000, 0.19359, 0.98108, 0.00000, 0.00000, 0.00000, 0.00000, 1.00000, 0.00000, 46.93000, 28.38500, 0.14400, 1.00000 },
				{ 0.99539, -0.09595, 0.00000, 0.00000, 0.09595, 0.99539, 0.00000, 0.00000, 0.00000, 0.00000, 1.00000, 0.00000, 46.93000, 28.38500, 0.28800, 1.00000 },
				{ 0.97844, -0.20651, 0.00000, 0.00000, 0.20651, 0.97844, 0.00000, 0.00000, 0.00000, 0.00000, 1.00000, 0.00000, 46.93000, 28.38500, 0.43200, 1.00000 },
				{ 0.98875, -0.14960, 0.00000, 0.00000, 0.14960, 0.98875, 0.00000, 0.00000, 0.00000, 0.00000, 1.00000, 0.00000, 46.93000, 28.38500, 0.57600, 1.00000 },
				{ 0.96972, -0.24421, 0.00000, 0.00000, 0.24421, 0.96972, 0.00000, 0.00000, 0.00000, 0.00000, 1.00000, 0.00000, 51.02000, -27.72500, 0.72000, 1.00000 },
				{ 0.96206, -0.27284, 0.00000, 0.00000, 0.27284, 0.96206, 0.00000, 0.00000, 0.00000, 0.00000, 1.00000, 0.00000, 51.02000, -27.72500, 0.00000, 1.00000 },
				{ 0.98108, -0.19359, 0.00000, 0.00000, 0.19359, 0.98108, 0.00000, 0.00000, 0.00000, 0.00000, 1.00000, 0.00000, 51.02000, -27.72500, 0.14400, 1.00000 },
				{ 0.99539, -0.09595, 0.00000, 0.00000, 0.09595, 0.99539, 0.00000, 0.00000, 0.00000, 0.00000, 1.00000, 0.00000, 51.02000, -27.72500, 0.28800, 1.00000 },
				{ 0.97844, -0.20651, 0.00000, 0.00000, 0.20651, 0.97844, 0.00000, 0.00000, 0.00000, 0.00000, 1.00000, 0.00000, 51.02000, -27.72500, 0.43200, 1.00000 },
				{ 0.98875, -0.14960, 0.00000, 0.00000, 0.14960, 0.98875, 0.00000, 0.00000, 0.00000, 0.00000, 1.00000, 0.00000, 51.02000, -27.72500, 0.57600, 1.00000 },
				{ 0.98639, 0.16445, 0.00000, 0.00000, -0.16445, 0.98639, 0.00000, 0.00000, 0.00000, 0.00000, 1.00000, 0.00000, 43.61000, 28.38500, 0.72000, 1.00000 },
				{ 0.99036, -0.13855, 0.00000, 0.00000, 0.13855, 0.99036, 0.00000, 0.00000, 0.00000, 0.00000, 1.00000, 0.00000, 43.61000, 28.38500, 0.00000, 1.00000 },
				{ 0.99999, 0.00521, 0.00000, 0.00000, -0.00521, 0.99999, 0.00000, 0.00000, 0.00000, 0.00000, 1.00000, 0.00000, 43.61000, 28.38500, 0.14400, 1.00000 },
				{ 0.98904, 0.14767, 0.00000, 0.00000, -0.14767, 0.98904, 0.00000, 0.00000, 0.00000, 0.00000, 1.00000, 0.00000, 43.61000, 28.38500, 0.28800, 1.00000 },
				{ 0.97215, 0.23438, 0.00000, 0.00000, -0.23438, 0.97215, 0.00000, 0.00000, 0.00000, 0.00000, 1.00000, 0.00000, 43.61000, 28.38500, 0.43200, 1.00000 },
				{ 0.98279, 0.18474, 0.00000, 0.00000, -0.18474, 0.98279, 0.00000, 0.00000, 0.00000, 0.00000, 1.00000, 0.00000, 43.61000, 28.38500, 0.57600, 1.00000 },
				{ 0.98639, 0.16445, 0.00000, 0.00000, -0.16445, 0.98639, 0.00000, 0.00000, 0.00000, 0.00000, 1.00000, 0.00000, 54.86000, -27.99500, 0.72000, 1.00000 },
				{ 0.99036, -0.13855, 0.00000, 0.00000, 0.13855, 0.99036, 0.00000, 0.00000, 0.00000, 0.00000, 1.00000, 0.00000, 54.86000, -27.99500, 0.00000, 1.00000 },
				{ 0.99999, 0.00521, 0.00000, 0.00000, -0.00521, 0.99999, 0.00000, 0.00000, 0.00000, 0.00000, 1.00000, 0.00000, 54.86000, -27.99500, 0.14400, 1.00000 },
				{ 0.98904, 0.14767, 0.00000, 0.00000, -0.14767, 0.98904, 0.00000, 0.00000, 0.00000, 0.00000, 1.00000, 0.00000, 54.86000, -27.99500, 0.28800, 1.00000 },
				{ 0.97215, 0.23438, 0.00000, 0.00000, -0.23438, 0.97215, 0.00000, 0.00000, 0.00000, 0.00000, 1.00000, 0.00000, 54.86000, -27.99500, 0.43200, 1.00000 },
				{ 0.98279, 0.18474, 0.00000, 0.00000, -0.18474, 0.98279, 0.00000, 0.00000, 0.00000, 0.00000, 1.00000, 0.00000, 54.86000, -27.99500, 0.57600, 1.00000 },
				{ 0.99660, -0.08240, 0.00000, 0.00000, 0.08240, 0.99660, 0.00000, 0.00000, 0.00000, 0.00000, 1.00000, 0.00000, -66.38000, -33.02500, 0.72500, 1.00000 },
				{ 0.97530, 0.22087, 0.00000, 0.00000, -0.22087, 0.97530, 0.00000, 0.00000, 0.00000, 0.00000, 1.00000, 0.00000, -66.38000, -33.02500, 0.00000, 1.00000 },
				{ 0.99118, 0.13256, 0.00000, 0.00000, -0.13256, 0.99118, 0.00000, 0.00000, 0.00000, 0.00000, 1.00000, 0.00000, -66.38000, -33.02500, 0.14500, 1.00000 },
				{ 0.99971, 0.02400, 0.00000, 0.00000, -0.02400, 0.99971, 0.00000, 0.00000, 0.00000, 0.00000, 1.00000, 0.00000, -66.38000, -33.02500, 0.29000, 1.00000 },
				{ 0.99448, -0.10495, 0.00000, 0.00000, 0.10495, 0.99448, 0.00000, 0.00000, 0.00000, 0.00000, 1.00000, 0.00000, -66.38000, -33.02500, 0.43500, 1.00000 },
				{ 0.99711, -0.07593, 0.00000, 0.00000, 0.07593, 0.99711, 0.00000, 0.00000, 0.00000, 0.00000, 1.00000, 0.00000, -66.38000, -33.02500, 0.58000, 1.00000 },
			},
			["asset/industry/steal_pipes_01.mdl"] = {
				{ 0.99975, 0.02256, 0.00000, 0.00000, -0.02256, 0.99975, 0.00000, 0.00000, 0.00000, 0.00000, 1.00000, 0.00000, 16.63058, -47.05719, 0.00000, 1.00000 },
				{ 0.99956, 0.02977, 0.00000, 0.00000, -0.02977, 0.99956, 0.00000, 0.00000, 0.00000, 0.00000, 1.00000, 0.00000, 24.43058, -47.05719, 0.00000, 1.00000 },
				{ 0.99999, -0.00454, 0.00000, 0.00000, 0.00454, 0.99999, 0.00000, 0.00000, 0.00000, 0.00000, 1.00000, 0.00000, 15.10697, -46.97974, 0.00000, 1.00000 },
				{ 1.00000, 0.00097, 0.00000, 0.00000, -0.00097, 1.00000, 0.00000, 0.00000, 0.00000, 0.00000, 1.00000, 0.00000, 22.90697, -46.97974, 0.00000, 1.00000 },
				{ 0.99995, -0.01019, 0.00000, 0.00000, 0.01019, 0.99995, 0.00000, 0.00000, 0.00000, 0.00000, 1.00000, 0.00000, 13.55932, -46.98494, 0.00000, 1.00000 },
				{ 0.99987, -0.01641, 0.00000, 0.00000, 0.01641, 0.99987, 0.00000, 0.00000, 0.00000, 0.00000, 1.00000, 0.00000, 21.35932, -46.98494, 0.00000, 1.00000 },
				{ 0.99998, 0.00570, 0.00000, 0.00000, -0.00570, 0.99998, 0.00000, 0.00000, 0.00000, 0.00000, 1.00000, 0.00000, 11.99718, -46.91269, 0.00000, 1.00000 },
				{ 0.99978, -0.02077, 0.00000, 0.00000, 0.02077, 0.99978, 0.00000, 0.00000, 0.00000, 0.00000, 1.00000, 0.00000, 19.79718, -46.91269, 0.00000, 1.00000 },
				{ 0.99999, 0.00364, 0.00000, 0.00000, -0.00364, 0.99999, 0.00000, 0.00000, 0.00000, 0.00000, 1.00000, 0.00000, 10.35431, -46.95427, 0.00000, 1.00000 },
				{ 1.00000, 0.00202, 0.00000, 0.00000, -0.00202, 1.00000, 0.00000, 0.00000, 0.00000, 0.00000, 1.00000, 0.00000, 18.15430, -46.95427, 0.00000, 1.00000 },
				{ 0.99999, 0.00505, 0.00000, 0.00000, -0.00505, 0.99999, 0.00000, 0.00000, 0.00000, 0.00000, 1.00000, 0.00000, 16.63734, -43.42672, 0.00000, 1.00000 },
				{ 0.99999, 0.00495, 0.00000, 0.00000, -0.00495, 0.99999, 0.00000, 0.00000, 0.00000, 0.00000, 1.00000, 0.00000, 24.43734, -43.42672, 0.00000, 1.00000 },
				{ 0.99994, 0.01073, 0.00000, 0.00000, -0.01073, 0.99994, 0.00000, 0.00000, 0.00000, 0.00000, 1.00000, 0.00000, 15.06359, -43.52621, 0.00000, 1.00000 },
				{ 0.99995, -0.00952, 0.00000, 0.00000, 0.00952, 0.99995, 0.00000, 0.00000, 0.00000, 0.00000, 1.00000, 0.00000, 22.86359, -43.52621, 0.00000, 1.00000 },
				{ 0.99996, 0.00885, 0.00000, 0.00000, -0.00885, 0.99996, 0.00000, 0.00000, 0.00000, 0.00000, 1.00000, 0.00000, 13.51023, -43.56199, 0.00000, 1.00000 },
				{ 0.99984, 0.01762, 0.00000, 0.00000, -0.01762, 0.99984, 0.00000, 0.00000, 0.00000, 0.00000, 1.00000, 0.00000, 21.31023, -43.56199, 0.00000, 1.00000 },
				{ 0.99948, 0.03217, 0.00000, 0.00000, -0.03217, 0.99948, 0.00000, 0.00000, 0.00000, 0.00000, 1.00000, 0.00000, 11.95031, -43.42897, 0.00000, 1.00000 },
				{ 0.99984, 0.01766, 0.00000, 0.00000, -0.01766, 0.99984, 0.00000, 0.00000, 0.00000, 0.00000, 1.00000, 0.00000, 19.75031, -43.42897, 0.00000, 1.00000 },
				{ 0.99999, 0.00483, 0.00000, 0.00000, -0.00483, 0.99999, 0.00000, 0.00000, 0.00000, 0.00000, 1.00000, 0.00000, 10.43663, -43.47231, 0.00000, 1.00000 },
				{ 0.99989, 0.01495, 0.00000, 0.00000, -0.01495, 0.99989, 0.00000, 0.00000, 0.00000, 0.00000, 1.00000, 0.00000, 18.23663, -43.47231, 0.00000, 1.00000 },
				{ 0.99997, 0.00764, 0.00000, 0.00000, -0.00764, 0.99997, 0.00000, 0.00000, 0.00000, 0.00000, 1.00000, 0.00000, 16.65301, -40.01047, 0.00000, 1.00000 },
				{ 0.99994, -0.01081, 0.00000, 0.00000, 0.01081, 0.99994, 0.00000, 0.00000, 0.00000, 0.00000, 1.00000, 0.00000, 24.45301, -40.01047, 0.00000, 1.00000 },
				{ 0.99991, 0.01339, 0.00000, 0.00000, -0.01339, 0.99991, 0.00000, 0.00000, 0.00000, 0.00000, 1.00000, 0.00000, 15.11960, -39.98357, 0.00000, 1.00000 },
				{ 1.00000, 0.00089, 0.00000, 0.00000, -0.00089, 1.00000, 0.00000, 0.00000, 0.00000, 0.00000, 1.00000, 0.00000, 22.91960, -39.98357, 0.00000, 1.00000 },
				{ 0.99992, 0.01285, 0.00000, 0.00000, -0.01285, 0.99992, 0.00000, 0.00000, 0.00000, 0.00000, 1.00000, 0.00000, 13.47608, -39.94672, 0.00000, 1.00000 },
				{ 0.99994, -0.01061, 0.00000, 0.00000, 0.01061, 0.99994, 0.00000, 0.00000, 0.00000, 0.00000, 1.00000, 0.00000, 21.27607, -39.94672, 0.00000, 1.00000 },
				{ 0.99999, -0.00395, 0.00000, 0.00000, 0.00395, 0.99999, 0.00000, 0.00000, 0.00000, 0.00000, 1.00000, 0.00000, 11.98769, -40.03303, 0.00000, 1.00000 },
				{ 0.99993, 0.01159, 0.00000, 0.00000, -0.01159, 0.99993, 0.00000, 0.00000, 0.00000, 0.00000, 1.00000, 0.00000, 19.78769, -40.03303, 0.00000, 1.00000 },
				{ 0.99957, -0.02926, 0.00000, 0.00000, 0.02926, 0.99957, 0.00000, 0.00000, 0.00000, 0.00000, 1.00000, 0.00000, 10.39129, -39.92491, 0.00000, 1.00000 },
				{ 0.99941, -0.03439, 0.00000, 0.00000, 0.03439, 0.99941, 0.00000, 0.00000, 0.00000, 0.00000, 1.00000, 0.00000, 18.19129, -39.92491, 0.00000, 1.00000 },
				{ 0.99983, -0.01841, 0.00000, 0.00000, 0.01841, 0.99983, 0.00000, 0.00000, 0.00000, 0.00000, 1.00000, 0.00000, 16.67459, -36.42031, 0.00000, 1.00000 },
				{ 0.99981, 0.01940, 0.00000, 0.00000, -0.01940, 0.99981, 0.00000, 0.00000, 0.00000, 0.00000, 1.00000, 0.00000, 24.47459, -36.42031, 0.00000, 1.00000 },
				{ 0.99999, -0.00434, 0.00000, 0.00000, 0.00434, 0.99999, 0.00000, 0.00000, 0.00000, 0.00000, 1.00000, 0.00000, 15.03060, -36.46758, 0.00000, 1.00000 },
				{ 0.99990, -0.01419, 0.00000, 0.00000, 0.01419, 0.99990, 0.00000, 0.00000, 0.00000, 0.00000, 1.00000, 0.00000, 22.83060, -36.46758, 0.00000, 1.00000 },
				{ 0.99937, -0.03550, 0.00000, 0.00000, 0.03550, 0.99937, 0.00000, 0.00000, 0.00000, 0.00000, 1.00000, 0.00000, 13.47654, -36.50396, 0.00000, 1.00000 },
				{ 0.99933, -0.03672, 0.00000, 0.00000, 0.03672, 0.99933, 0.00000, 0.00000, 0.00000, 0.00000, 1.00000, 0.00000, 21.27654, -36.50396, 0.00000, 1.00000 },
				{ 0.99933, 0.03665, 0.00000, 0.00000, -0.03665, 0.99933, 0.00000, 0.00000, 0.00000, 0.00000, 1.00000, 0.00000, 11.98676, -36.44035, 0.00000, 1.00000 },
				{ 0.99979, 0.02046, 0.00000, 0.00000, -0.02046, 0.99979, 0.00000, 0.00000, 0.00000, 0.00000, 1.00000, 0.00000, 19.78675, -36.44035, 0.00000, 1.00000 },
				{ 0.99966, -0.02610, 0.00000, 0.00000, 0.02610, 0.99966, 0.00000, 0.00000, 0.00000, 0.00000, 1.00000, 0.00000, 10.40640, -36.47892, 0.00000, 1.00000 },
				{ 1.00000, -0.00228, 0.00000, 0.00000, 0.00228, 1.00000, 0.00000, 0.00000, 0.00000, 0.00000, 1.00000, 0.00000, 18.20640, -36.47892, 0.00000, 1.00000 },
				{ 0.99730, -0.07349, 0.00000, 0.00000, 0.07349, 0.99730, 0.00000, 0.00000, 0.00000, 0.00000, 1.00000, 0.00000, 16.61743, -33.07632, 0.00000, 1.00000 },
				{ 0.99997, -0.00797, 0.00000, 0.00000, 0.00797, 0.99997, 0.00000, 0.00000, 0.00000, 0.00000, 1.00000, 0.00000, 24.41743, -33.07632, 0.00000, 1.00000 },
				{ 0.99978, -0.02109, 0.00000, 0.00000, 0.02109, 0.99978, 0.00000, 0.00000, 0.00000, 0.00000, 1.00000, 0.00000, 15.10892, -33.07434, 0.00000, 1.00000 },
				{ 0.99963, -0.02734, 0.00000, 0.00000, 0.02734, 0.99963, 0.00000, 0.00000, 0.00000, 0.00000, 1.00000, 0.00000, 22.90891, -33.07434, 0.00000, 1.00000 },
				{ 0.99999, 0.00423, 0.00000, 0.00000, -0.00423, 0.99999, 0.00000, 0.00000, 0.00000, 0.00000, 1.00000, 0.00000, 13.54997, -33.01824, 0.00000, 1.00000 },
				{ 0.99994, -0.01095, 0.00000, 0.00000, 0.01095, 0.99994, 0.00000, 0.00000, 0.00000, 0.00000, 1.00000, 0.00000, 21.34997, -33.01824, 0.00000, 1.00000 },
				{ 0.99991, 0.01330, 0.00000, 0.00000, -0.01330, 0.99991, 0.00000, 0.00000, 0.00000, 0.00000, 1.00000, 0.00000, 11.91824, -32.93136, 0.00000, 1.00000 },
				{ 0.99989, 0.01477, 0.00000, 0.00000, -0.01477, 0.99989, 0.00000, 0.00000, 0.00000, 0.00000, 1.00000, 0.00000, 19.71824, -32.93136, 0.00000, 1.00000 },
				{ 0.99987, 0.01616, 0.00000, 0.00000, -0.01616, 0.99987, 0.00000, 0.00000, 0.00000, 0.00000, 1.00000, 0.00000, 10.45102, -32.92905, 0.00000, 1.00000 },
				{ 0.99967, 0.02587, 0.00000, 0.00000, -0.02587, 0.99967, 0.00000, 0.00000, 0.00000, 0.00000, 1.00000, 0.00000, 18.25102, -32.92905, 0.00000, 1.00000 },
			},
			["asset/industry/wooden_box_03.mdl"] = {
				{ -0.00000, 1.00000, 0.00000, 0.00000, -1.00000, -0.00000, 0.00000, 0.00000, 0.00000, 0.00000, 1.00000, 0.00000, -30.31454, 43.53072, 0.00000, 1.00000 },
				{ -0.00000, 1.00000, 0.00000, 0.00000, -1.00000, -0.00000, 0.00000, 0.00000, 0.00000, 0.00000, 1.00000, 0.00000, -32.30922, 43.52552, 0.00000, 1.00000 },
				{ -0.00000, 1.00000, 0.00000, 0.00000, -1.00000, -0.00000, 0.00000, 0.00000, 0.00000, 0.00000, 1.00000, 0.00000, -34.31870, 43.59777, 0.00000, 1.00000 },
				{ -0.00000, 1.00000, 0.00000, 0.00000, -1.00000, -0.00000, 0.00000, 0.00000, 0.00000, 0.00000, 1.00000, 0.00000, -36.41074, 43.55619, 0.00000, 1.00000 },
				{ -0.00000, 1.00000, 0.00000, 0.00000, -1.00000, -0.00000, 0.00000, 0.00000, 0.00000, 0.00000, 1.00000, 0.00000, -38.37351, 43.58400, 0.00000, 1.00000 },
				{ -0.00000, 1.00000, 0.00000, 0.00000, -1.00000, -0.00000, 0.00000, 0.00000, 0.00000, 0.00000, 1.00000, 0.00000, -40.39487, 43.48450, 0.00000, 1.00000 },
				{ -0.00000, 1.00000, 0.00000, 0.00000, -1.00000, -0.00000, 0.00000, 0.00000, 0.00000, 0.00000, 1.00000, 0.00000, -42.39538, 43.44873, 0.00000, 1.00000 },
				{ -0.00000, 1.00000, 0.00000, 0.00000, -1.00000, -0.00000, 0.00000, 0.00000, 0.00000, 0.00000, 1.00000, 0.00000, -44.40260, 43.58175, 0.00000, 1.00000 },
				{ -0.00000, 1.00000, 0.00000, 0.00000, -1.00000, -0.00000, 0.00000, 0.00000, 0.00000, 0.00000, 1.00000, 0.00000, -46.36255, 43.53841, 0.00000, 1.00000 },
				{ -0.00000, 1.00000, 0.00000, 0.00000, -1.00000, -0.00000, 0.00000, 0.00000, 0.00000, 0.00000, 1.00000, 0.00000, -28.32151, 44.87263, 0.00000, 1.00000 },
				{ -0.00000, 1.00000, 0.00000, 0.00000, -1.00000, -0.00000, 0.00000, 0.00000, 0.00000, 0.00000, 1.00000, 0.00000, -30.30162, 44.89952, 0.00000, 1.00000 },
				{ -0.00000, 1.00000, 0.00000, 0.00000, -1.00000, -0.00000, 0.00000, 0.00000, 0.00000, 0.00000, 1.00000, 0.00000, -32.39433, 44.93638, 0.00000, 1.00000 },
				{ -0.00000, 1.00000, 0.00000, 0.00000, -1.00000, -0.00000, 0.00000, 0.00000, 0.00000, 0.00000, 1.00000, 0.00000, -34.32841, 44.85007, 0.00000, 1.00000 },
				{ -0.00000, 1.00000, 0.00000, 0.00000, -1.00000, -0.00000, 0.00000, 0.00000, 0.00000, 0.00000, 1.00000, 0.00000, -36.37292, 44.95820, 0.00000, 1.00000 },
				{ -0.00000, 1.00000, 0.00000, 0.00000, -1.00000, -0.00000, 0.00000, 0.00000, 0.00000, 0.00000, 1.00000, 0.00000, -38.33543, 44.96305, 0.00000, 1.00000 },
				{ -0.00000, 1.00000, 0.00000, 0.00000, -1.00000, -0.00000, 0.00000, 0.00000, 0.00000, 0.00000, 1.00000, 0.00000, -40.42860, 44.91579, 0.00000, 1.00000 },
				{ -0.00000, 1.00000, 0.00000, 0.00000, -1.00000, -0.00000, 0.00000, 0.00000, 0.00000, 0.00000, 1.00000, 0.00000, -42.42983, 44.87942, 0.00000, 1.00000 },
				{ -0.00000, 1.00000, 0.00000, 0.00000, -1.00000, -0.00000, 0.00000, 0.00000, 0.00000, 0.00000, 1.00000, 0.00000, -44.36535, 44.94302, 0.00000, 1.00000 },
				{ -0.00000, 1.00000, 0.00000, 0.00000, -1.00000, -0.00000, 0.00000, 0.00000, 0.00000, 0.00000, 1.00000, 0.00000, -46.39346, 44.90445, 0.00000, 1.00000 },
				{ -0.00000, 1.00000, 0.00000, 0.00000, -1.00000, -0.00000, 0.00000, 0.00000, 0.00000, 0.00000, 1.00000, 0.00000, -28.35789, 46.17943, 0.00000, 1.00000 },
				{ -0.00000, 1.00000, 0.00000, 0.00000, -1.00000, -0.00000, 0.00000, 0.00000, 0.00000, 0.00000, 1.00000, 0.00000, -30.31255, 46.18142, 0.00000, 1.00000 },
				{ -0.00000, 1.00000, 0.00000, 0.00000, -1.00000, -0.00000, 0.00000, 0.00000, 0.00000, 0.00000, 1.00000, 0.00000, -32.31877, 46.23752, 0.00000, 1.00000 },
				{ -0.00000, 1.00000, 0.00000, 0.00000, -1.00000, -0.00000, 0.00000, 0.00000, 0.00000, 0.00000, 1.00000, 0.00000, -34.39941, 46.32440, 0.00000, 1.00000 },
				{ -0.00000, 1.00000, 0.00000, 0.00000, -1.00000, -0.00000, 0.00000, 0.00000, 0.00000, 0.00000, 1.00000, 0.00000, -36.31186, 46.32670, 0.00000, 1.00000 },
				{ -0.00000, 1.00000, 0.00000, 0.00000, -1.00000, -0.00000, 0.00000, 0.00000, 0.00000, 0.00000, 1.00000, 0.00000, -38.39931, 46.17977, 0.00000, 1.00000 },
				{ -0.00000, 1.00000, 0.00000, 0.00000, -1.00000, -0.00000, 0.00000, 0.00000, 0.00000, 0.00000, 1.00000, 0.00000, -40.32897, 46.19689, 0.00000, 1.00000 },
				{ -0.00000, 1.00000, 0.00000, 0.00000, -1.00000, -0.00000, 0.00000, 0.00000, 0.00000, 0.00000, 1.00000, 0.00000, -42.41603, 46.32387, 0.00000, 1.00000 },
				{ -0.00000, 1.00000, 0.00000, 0.00000, -1.00000, -0.00000, 0.00000, 0.00000, 0.00000, 0.00000, 1.00000, 0.00000, -44.44579, 46.26718, 0.00000, 1.00000 },
				{ -0.00000, 1.00000, 0.00000, 0.00000, -1.00000, -0.00000, 0.00000, 0.00000, 0.00000, 0.00000, 1.00000, 0.00000, -46.45396, 46.23053, 0.00000, 1.00000 },
				{ -0.00000, 1.00000, 0.00000, 0.00000, -1.00000, -0.00000, 0.00000, 0.00000, 0.00000, 0.00000, 1.00000, 0.00000, -28.34055, 47.66783, 0.00000, 1.00000 },
				{ -0.00000, 1.00000, 0.00000, 0.00000, -1.00000, -0.00000, 0.00000, 0.00000, 0.00000, 0.00000, 1.00000, 0.00000, -30.38391, 47.63667, 0.00000, 1.00000 },
				{ -0.00000, 1.00000, 0.00000, 0.00000, -1.00000, -0.00000, 0.00000, 0.00000, 0.00000, 0.00000, 1.00000, 0.00000, -32.31395, 47.58153, 0.00000, 1.00000 },
				{ -0.00000, 1.00000, 0.00000, 0.00000, -1.00000, -0.00000, 0.00000, 0.00000, 0.00000, 0.00000, 1.00000, 0.00000, -34.34806, 47.56744, 0.00000, 1.00000 },
				{ -0.00000, 1.00000, 0.00000, 0.00000, -1.00000, -0.00000, 0.00000, 0.00000, 0.00000, 0.00000, 1.00000, 0.00000, -36.37276, 47.58676, 0.00000, 1.00000 },
				{ -0.00000, 1.00000, 0.00000, 0.00000, -1.00000, -0.00000, 0.00000, 0.00000, 0.00000, 0.00000, 1.00000, 0.00000, -38.42390, 47.61888, 0.00000, 1.00000 },
				{ -0.00000, 1.00000, 0.00000, 0.00000, -1.00000, -0.00000, 0.00000, 0.00000, 0.00000, 0.00000, 1.00000, 0.00000, -40.35729, 47.68925, 0.00000, 1.00000 },
				{ -0.00000, 1.00000, 0.00000, 0.00000, -1.00000, -0.00000, 0.00000, 0.00000, 0.00000, 0.00000, 1.00000, 0.00000, -42.34646, 47.61478, 0.00000, 1.00000 },
				{ -0.00000, 1.00000, 0.00000, 0.00000, -1.00000, -0.00000, 0.00000, 0.00000, 0.00000, 0.00000, 1.00000, 0.00000, -44.35045, 47.71134, 0.00000, 1.00000 },
				{ -0.00000, 1.00000, 0.00000, 0.00000, -1.00000, -0.00000, 0.00000, 0.00000, 0.00000, 0.00000, 1.00000, 0.00000, -46.35628, 47.62307, 0.00000, 1.00000 },
				{ -0.00000, 1.00000, 0.00000, 0.00000, -1.00000, -0.00000, 0.00000, 0.00000, 0.00000, 0.00000, 1.00000, 0.00000, -28.28587, 49.01628, 0.00000, 1.00000 },
				{ -0.00000, 1.00000, 0.00000, 0.00000, -1.00000, -0.00000, 0.00000, 0.00000, 0.00000, 0.00000, 1.00000, 0.00000, -30.37789, 48.92124, 0.00000, 1.00000 },
				{ -0.00000, 1.00000, 0.00000, 0.00000, -1.00000, -0.00000, 0.00000, 0.00000, 0.00000, 0.00000, 1.00000, 0.00000, -32.30766, 48.92823, 0.00000, 1.00000 },
				{ -0.00000, 1.00000, 0.00000, 0.00000, -1.00000, -0.00000, 0.00000, 0.00000, 0.00000, 0.00000, 1.00000, 0.00000, -34.31214, 48.97925, 0.00000, 1.00000 },
				{ -0.00000, 1.00000, 0.00000, 0.00000, -1.00000, -0.00000, 0.00000, 0.00000, 0.00000, 0.00000, 1.00000, 0.00000, -36.34588, 48.93383, 0.00000, 1.00000 },
				{ -0.00000, 1.00000, 0.00000, 0.00000, -1.00000, -0.00000, 0.00000, 0.00000, 0.00000, 0.00000, 1.00000, 0.00000, -38.34546, 49.02043, 0.00000, 1.00000 },
				{ -0.00000, 1.00000, 0.00000, 0.00000, -1.00000, -0.00000, 0.00000, 0.00000, 0.00000, 0.00000, 1.00000, 0.00000, -40.34744, 49.02644, 0.00000, 1.00000 },
				{ -0.00000, 1.00000, 0.00000, 0.00000, -1.00000, -0.00000, 0.00000, 0.00000, 0.00000, 0.00000, 1.00000, 0.00000, -42.35851, 49.02706, 0.00000, 1.00000 },
				{ -0.00000, 1.00000, 0.00000, 0.00000, -1.00000, -0.00000, 0.00000, 0.00000, 0.00000, 0.00000, 1.00000, 0.00000, -44.36133, 48.92155, 0.00000, 1.00000 },
				{ -0.00000, 1.00000, 0.00000, 0.00000, -1.00000, -0.00000, 0.00000, 0.00000, 0.00000, 0.00000, 1.00000, 0.00000, -46.36226, 49.05522, 0.00000, 1.00000 },
			},
			["asset/roof/era_b_lamp_a_02.mdl"] = {
				{ 1.00000, 0.00000, 0.00000, 0.00000, 0.00000, 1.00000, 0.00000, 0.00000, 0.00000, 0.00000, 1.00000, 0.00000, 21.94000, 7.82000, 4.06000, 1.00000 },
				{ 0.70711, -0.70711, 0.00000, 0.00000, 0.70711, 0.70711, 0.00000, 0.00000, 0.00000, 0.00000, 1.00000, 0.00000, 27.72000, 7.82000, 4.06000, 1.00000 },
				{ -0.00000, -1.00000, 0.00000, 0.00000, 1.00000, -0.00000, 0.00000, 0.00000, 0.00000, 0.00000, 1.00000, 0.00000, 27.72000, 0.01000, 4.06000, 1.00000 },
				{ -0.70711, -0.70711, -0.00000, 0.00000, 0.70711, -0.70711, -0.00000, 0.00000, -0.00000, -0.00000, 1.00000, 0.00000, 27.72000, -7.80000, 4.06000, 1.00000 },
				{ -1.00000, 0.00000, -0.00000, 0.00000, -0.00000, -1.00000, -0.00000, 0.00000, -0.00000, -0.00000, 1.00000, 0.00000, 21.94000, -7.80000, 4.06000, 1.00000 },
			},
			["industry/common/stock_lane_1.mdl"] = {
				{ 0.99980, -0.01990, 0.00000, 0.00000, 0.01990, 0.99980, 0.00000, 0.00000, 0.00000, 0.00000, 1.00000, 0.00000, 32.84824, -21.60000, 0.00000, 1.00000 },
				{ 0.99999, -0.00433, 0.00000, 0.00000, 0.00433, 0.99999, 0.00000, 0.00000, 0.00000, 0.00000, 1.00000, 0.00000, 44.66517, -16.75000, 0.00000, 1.00000 },
				{ 0.99993, -0.01173, 0.00000, 0.00000, 0.01173, 0.99993, 0.00000, 0.00000, 0.00000, 0.00000, 1.00000, 0.00000, 44.69145, -21.60000, 0.00000, 1.00000 },
				{ 0.99992, 0.01284, 0.00000, 0.00000, -0.01284, 0.99992, 0.00000, 0.00000, 0.00000, 0.00000, 1.00000, 0.00000, 44.44004, -11.95000, 0.00000, 1.00000 },
				{ 0.99998, -0.00639, 0.00000, 0.00000, 0.00639, 0.99998, 0.00000, 0.00000, 0.00000, 0.00000, 1.00000, 0.00000, 44.78553, -7.05000, 0.00000, 1.00000 },
				{ 0.99991, -0.01305, 0.00000, 0.00000, 0.01305, 0.99991, 0.00000, 0.00000, 0.00000, 0.00000, 1.00000, 0.00000, 44.75760, -2.20000, 0.00000, 1.00000 },
				{ 1.00000, -0.00140, 0.00000, 0.00000, 0.00140, 1.00000, 0.00000, 0.00000, 0.00000, 0.00000, 1.00000, 0.00000, 44.61491, 2.70000, 0.00000, 1.00000 },
				{ 1.00000, 0.00156, 0.00000, 0.00000, -0.00156, 1.00000, 0.00000, 0.00000, 0.00000, 0.00000, 1.00000, 0.00000, 44.68571, 7.60000, 0.00000, 1.00000 },
				{ 1.00000, -0.00265, 0.00000, 0.00000, 0.00265, 1.00000, 0.00000, 0.00000, 0.00000, 0.00000, 1.00000, 0.00000, 44.48542, 12.45000, 0.00000, 1.00000 },
				{ 1.00000, 0.00062, 0.00000, 0.00000, -0.00062, 1.00000, 0.00000, 0.00000, 0.00000, 0.00000, 1.00000, 0.00000, 44.49918, 17.20000, 0.00000, 1.00000 },
				{ 0.99996, -0.00907, 0.00000, 0.00000, 0.00907, 0.99996, 0.00000, 0.00000, 0.00000, 0.00000, 1.00000, 0.00000, 44.51899, 22.10000, 0.00000, 1.00000 },
				{ 0.99999, 0.00510, 0.00000, 0.00000, -0.00510, 0.99999, 0.00000, 0.00000, 0.00000, 0.00000, 1.00000, 0.00000, 32.74478, -16.75000, 0.00000, 1.00000 },
				{ 0.99974, -0.02292, 0.00000, 0.00000, 0.02292, 0.99974, 0.00000, 0.00000, 0.00000, 0.00000, 1.00000, 0.00000, 33.11825, -11.80000, 0.00000, 1.00000 },
				{ 0.99999, 0.00446, 0.00000, 0.00000, -0.00446, 0.99999, 0.00000, 0.00000, 0.00000, 0.00000, 1.00000, 0.00000, 32.71120, -7.05000, 0.00000, 1.00000 },
				{ 0.99998, 0.00552, 0.00000, 0.00000, -0.00552, 0.99998, 0.00000, 0.00000, 0.00000, 0.00000, 1.00000, 0.00000, 32.97909, -2.20000, 0.00000, 1.00000 },
				{ 0.99990, 0.01396, 0.00000, 0.00000, -0.01396, 0.99990, 0.00000, 0.00000, 0.00000, 0.00000, 1.00000, 0.00000, 32.87472, 2.60000, 0.00000, 1.00000 },
				{ 1.00000, -0.00056, 0.00000, 0.00000, 0.00056, 1.00000, 0.00000, 0.00000, 0.00000, 0.00000, 1.00000, 0.00000, 33.05198, 7.55000, 0.00000, 1.00000 },
				{ 0.99986, -0.01676, 0.00000, 0.00000, 0.01676, 0.99986, 0.00000, 0.00000, 0.00000, 0.00000, 1.00000, 0.00000, 33.09398, 12.45000, 0.00000, 1.00000 },
				{ 1.00000, 0.00102, 0.00000, 0.00000, -0.00102, 1.00000, 0.00000, 0.00000, 0.00000, 0.00000, 1.00000, 0.00000, 32.83107, 17.25000, 0.00000, 1.00000 },
				{ 0.99993, 0.01204, 0.00000, 0.00000, -0.01204, 0.99993, 0.00000, 0.00000, 0.00000, 0.00000, 1.00000, 0.00000, 32.80386, 22.10000, 0.00000, 1.00000 },
			},
			["industry/oil_refinery/era_a/oil_refinery_main_building.mdl"] = {
				{ 1.00000, 0.00000, 0.00000, 0.00000, 0.00000, 1.00000, 0.00000, 0.00000, 0.00000, 0.00000, 1.00000, 0.00000, -30.86296, -33.33291, 0.00000, 1.00000 },
				{ -1.00000, -0.00000, 0.00000, 0.00000, 0.00000, -1.00000, 0.00000, 0.00000, 0.00000, 0.00000, 1.00000, 0.00000, -30.86296, 33.33291, 0.00000, 1.00000 },
			},
			["industry/oil_refinery/era_a/oil_refinery_pipes_con_lvl1.mdl"] = {
				{ 1.00000, 0.00000, 0.00000, 0.00000, 0.00000, 1.00000, 0.00000, 0.00000, 0.00000, 0.00000, 1.00000, 0.00000, -41.31709, 0.00000, 0.00000, 1.00000 },
			},
			["industry/oil_refinery/era_a/oil_refinery_street_markings_lvl1.mdl"] = {
				{ 1.00000, 0.00000, 0.00000, 0.00000, 0.00000, 1.00000, 0.00000, 0.00000, 0.00000, 0.00000, 1.00000, 0.00000, 0.00000, 0.00000, 0.00000, 1.00000 },
			},
			["industry/oil_refinery/era_a/oil_refinery_unit_lvl1.mdl"] = {
				{ 1.00000, 0.00000, 0.00000, 0.00000, 0.00000, 1.00000, 0.00000, 0.00000, 0.00000, 0.00000, 1.00000, 0.00000, -41.31709, -16.00000, 0.00000, 1.00000 },
				{ 1.00000, 0.00000, 0.00000, 0.00000, 0.00000, 1.00000, 0.00000, 0.00000, 0.00000, 0.00000, 1.00000, 0.00000, -41.31709, 16.00000, 0.00000, 1.00000 },
			},
			["industry/oil_refinery/era_a/oil_refinery_unit_merge_lvl1.mdl"] = {
